666 53 586
5749 13603 5549
856 28 336
95 20 250
8064 8237 3369
704 5331 2166
977 48 612
8334 13548 5619
549 16 200
232 29 394
5138 4719 1970
1933 8790 3593
1203 39 586
10539 13451 5446
146 3 48
437 33 534
2188 1813 748
3645 11594 4630
1147 25 482
15 4 96
10159 11156 4493
117 2230 902
698 25 578
6053 13342 5347
884 14 336
97 10 240
7793 7752 3063
784 5533 2210
967 21 576
8475 13257 5258
552 4 192
246 8 375
4890 4411 1725
2048 8786 3354
1227 12 549
10863 13145 4979
150 1 48
7 1 48
4511 13514 4974
1330 1094 415
11671 12377 4429
202 2474 882
7317 14824 5368
7558 7380 2581
1173 7371 2574
10163 14748 5338
4168 3685 1361
2922 11030 3985
13049 14659 5208
5547 14593 5038
9530 9701 3288
491 4851 1680
8405 14538 5089
6572 6052 2145
1723 8471 3042
11180 14496 5266
2870 2412 880
3770 12035 4334
11989 12921 4717
58 1502 590
6372 14398 5373
9346 9044 3274
810 5302 1973
9268 14318 5296
5256 4671 1718
2472 9589 3420
12846 14155 4715
2437 7903 2902
192 1272 521
2164 1825 815
4873 7117 2751
4271 3516 1407
1081 4077 1566
6612 7576 3020
1868 1392 543
210 1714 717
5457 8564 6736
10192 5995 4745
408 2505 1863
7888 8430 6396
7274 3853 3007
1525 4545 3444
10785 8355 6400
3534 1656 1307
3321 6627 4943
12321 7645 5821
34 596 419
6054 8222 6291
9632 5350 4059
635 2807 2098
8817 8097 6062
6319 3102 2386
2053 4965 3707
11775 8027 6044
1456 666 499
4254 7285 5395
11522 6603 4932
183 1321 998
7222 7917 6047
7534 3916 2926
1150 3908 2908
10180 7813 5922
4185 1947 1475
2983 5829 4431
13140 7757 5970
5665 7695 5881
9682 5069 3724
589 2526 1874
8750 7574 5680
6576 3118 2346
1959 4451 3428
11764 7506 5689
1902 873 618
4247 6616 5138
11470 6229 4852
164 1245 978
7154 7423 5805
8133 4010 3054
1226 3357 2631
10258 7329 5691
4168 1836 1455
3181 5444 4173
12638 6858 5016
47 321 316
6383 7131 5246
8883 4393 3139
866 2689 2090
9113 7104 5466
4936 2326 1669
2521 4706 3630
11829 7071 5631
1162 556 364
4222 5293 4255
2397 964 918
1584 204 654
2822 1613 4331
1255 1262 542
951 3844 1652
8414 1490 4249
48 234 500
3821 5050 2049
4386 1659 4582
1563 4895 1959
148 133 54
5924 912 2698
654 767 2041
3008 3489 1440
166 1543 639
6775 1662 4755
2615 5023 2072
3424 443 1402
1799 1157 3272
2018 2085 843
584 2910 1165
8840 1583 4649
3541 4988 2008
3259 1546 4039
150 6 55
585 563 219
1665 5882 2268
6082 1056 2836
267 469 1156
4280 5194 2047
111 1555 611
4995 1500 3944
3108 6747 2640
3962 624 1667
1117 882 2435
2845 3071 1202
627 3516 1405
6887 1465 3985
4380 6684 2558
1454 175 533
2364 1197 3161
1278 1226 434
1425 5361 1889
6805 1141 3161
92 232 652
4457 5551 2137
50 1112 436
4254 1383 3899
2774 6656 2580
4646 680 1971
683 672 1896
3580 3863 1466
446 2747 1029
6116 1344 3940
4101 6571 2429
2521 325 948
1841 959 2838
1697 1627 568
1287 4900 1769
7104 1152 3432
12 102 309
4857 5963 2133
23 538 184
3589 1198 3656
2614 6439 2169
5802 766 2332
413 379 1180
437 2825 952
3513 3745 1264
4743 1136 3091
4786 7925 2703
2832 381 1069
1172 745 2002
2073 2058 711
1529 5986 1987
6272 1060 2877
6241 7582 2348
20 530 176
298 54 101
2430 1038 2932
2959 8200 2861
5297 812 2267
201 263 741
4605 5219 1849
405 2970 1014
4203 1007 2874
4949 8082 2588
3156 428 1165
984 545 1682
2241 2159 677
1522 5888 1877
5913 945 2781
6142 7683 2534
11 384 132
1020 131 337
2255 799 2449
3130 8010 2543
5670 733 2177
119 165 566
4624 4972 1557
399 3032 1005
3728 914 2870
4470 8064 2836
3753 439 1354
745 439 1434
3057 3120 1135
1040 4961 1819
5615 838 2697
5509 7220 2430
37 758 238
723 103 215
1919 666 1954
3372 9264 2884
5935 803 2606
53 50 278
4846 5468 1910
397 2488 804
3057 774 2417
5705 8727 2593
1910 250 698
2803 2868 912
7 363 129
7398 5644 3342
1450 6377 3532
10393 11893 6595
3089 2018 1245
3551 9878 5470
11698 10208 5766
102 1582 763
6819 11790 6618
8603 6526 3716
1122 5196 2813
10202 11639 6380
4157 2741 1523
3034 8722 4512
11915 10348 5459
47 1049 499
6382 11392 6027
8549 6481 3417
976 4835 2525
9896 11174 5641
4154 2766 1353
3041 8277 4020
12118 10176 5201
56 923 469
6538 11028 5560
8844 6412 3230
1087 4549 2231
10334 10898 5396
3832 2520 1219
3431 8416 4359
11141 9202 4707
114 1694 862
7076 10763 5313
7786 5489 2699
1340 5254 2649
10848 10731 5398
2710 1780 862
3892 8908 4510
10877 8587 4232
202 2053 1080
7409 10682 5529
7718 5454 2833
1488 5220 2804
11392 10529 5314
2036 1297 607
4295 9214 4758
10915 8448 4374
270 2086 1161
7803 10497 5539
6344 4400 2219
2019 5978 3089
11623 10407 5494
2095 1522 734
4443 8892 4888
9607 7179 3562
650 3033 1591
9101 10130 5019
6460 4454 2225
2336 5747 3093
12515 9763 4729
16 263 182
1030 730 293
503 2663 1500
11533 3558 5944
156 732 903
7353 4334 7016
7374 1833 3387
1530 2453 3620
11103 4159 6800
4322 3831 6005
2141 337 863
10700 2992 5205
295 1059 1477
7972 3968 6570
6775 1524 2738
1840 2294 3581
12010 3859 6490
5102 3769 6261
738 82 281
9813 2549 4438
598 1244 2050
9136 3733 6451
5204 1160 2006
2654 2489 4257
129 150 51
11681 3319 5795
23 299 475
150 149 51
5642 3527 5565
600 1779 594
7883 2022 3209
960 1455 2331
869 1040 351
104 749 267
9330 3589 5839
1044 1797 639
2521 593 977
3238 2948 4858
283 296 102
382 1480 510
10015 2865 4660
169 560 971
1012 1324 449
31 435 138
6799 3360 5582
812 1759 597
6052 1511 2459
1516 1846 3182
660 745 272
197 1040 382
10506 3286 5523
1242 1767 621
1025 255 353
4285 2995 5178
572 1754 606
9150 2440 4129
395 862 1608
855 1019 351
80 734 263
7778 3274 5738
974 1766 642
5137 1205 1967
2244 1955 3594
424 439 153
351 1308 450
10801 3007 5148
29 78 304
1135 1448 496
23 289 98
5521 3041 5424
772 1739 598
7655 1830 3106
835 1142 1968
398 1901 630
658 721 246
8166 2923 4759
2491 3510 1146
2211 581 785
3138 2216 3755
1152 3494 1134
9517 2639 4151
108 235 615
2007 2324 754
136 1171 398
6087 2793 4649
1949 3500 1171
5073 1167 1692
1812 1432 2592
565 576 183
752 2884 924
9342 2517 4032
32 42 222
2271 2887 947
43 577 189
438 142 131
4702 2367 4086
1666 3436 1080
9968 2431 4090
207 345 983
1581 1743 585
179 1148 415
1210 923 1623
522 1159 397
142 2 120
9422 13921 6838
3397 10890 5460
278 9 315
3428 2702 1518
11554 11998 6011
209 2152 925
7333 13947 6760
150 85 56
7396 6437 3160
1784 7493 3506
11647 13744 6595
3 146 54
4952 12858 5898
1293 876 486
9570 8999 4152
621 4547 1972
9479 13556 6199
4166 3264 1603
3366 10388 4849
11176 11214 5317
176 2358 1038
7513 13337 5970
6486 5467 2475
1918 7809 3496
12311 13229 5946
5703 13166 5871
8593 7623 3393
1014 5456 2454
10536 13079 5849
2870 2156 941
4101 10797 4772
10476 9691 4278
433 3209 1383
8853 12846 5612
5010 4100 1787
2705 8852 4093
11398 11504 5190
77 1385 694
7054 12809 5758
7081 5948 2584
1682 6798 3133
11747 12803 5927
1016 886 338
5269 11842 5491
9006 8155 3660
861 4563 2192
10190 12584 5711
3347 2710 1150
3704 9898 4659
10555 10104 4579
296 2533 1295
8269 12538 5804
5998 4922 2152
2242 7616 3742
11258 11701 5433
99 823 492
436 398 143
6167 12134 5820
8068 7353 3404
1315 5187 2639
10851 12123 5619
22 220 147
1697 1483 547
4907 10796 5192
4190 4071 1882
4771 5475 6439
2075 383 923
9671 3622 4999
713 2152 2270
9382 5602 7026
4176 1126 1768
3350 4358 5115
10859 4193 5607
297 1276 1311
8255 5412 6896
5424 1602 2331
2481 3679 4392
11480 4406 5749
77 576 533
6926 5042 6403
146 5 49
6860 2102 2970
1914 3059 3735
11823 4779 6339
15 258 222
5936 4687 5968
446 40 152
7941 2387 3221
1350 2338 2955
11501 4835 6371
5266 4668 6150
1033 200 370
8451 2703 3600
982 1935 2594
10638 4802 6543
2460 746 908
4328 3878 5288
146 300 90
9133 3048 4103
680 1525 2179
9583 4548 6149
249 447 135
3497 1098 1359
3648 3597 5243
9702 3705 4820
392 974 1576
630 750 240
8057 4443 5824
932 1500 480
4349 1492 1703
2741 2888 3985
292 300 96
462 1500 480
10023 3723 4631
239 556 1050
967 1192 384
25 298 96
7755 4409 6307
258 298 96
5169 1786 2004
2196 2453 3595
141 149 48
460 1634 522
10101 3956 5004
128 266 611
940 1196 396
68 598 198
6969 4269 6127
197 600 200
6858 2286 2912
1927 2011 3546
11361 4243 6156
52 47 333
720 295 261
5790 3751 5442
874 1327 429
6086 2123 2439
1637 1751 2917
288 294 94
384 1482 498
9673 3794 5069
62 90 349
1022 1344 462
45 446 152
989 403 347
5947 3214 4712
1019 1752 564
7126 2452 2949
1272 1339 2438
423 444 150
355 1327 454
10241 3916 5877
704 1043 364
3669 1206 1506
97 227 807
776 36 348
167 34 345
8828 8897 4727
467 3816 1749
1144 80 674
3 7 61
8216 12562 6305
607 52 684
3298 9939 4835
3286 2554 1413
750 26 342
156 30 348
8341 8347 4454
582 4316 2101
1203 49 696
8620 12504 6370
150 2 55
573 34 623
3411 2608 1409
3355 9687 4677
742 24 348
84 12 278
597 4330 2075
8412 8255 4331
9572 13888 6489
3331 2571 1299
3944 11231 5137
9506 9282 4439
664 4531 2059
10065 13828 6561
2979 2294 1120
4201 11270 5147
9026 8672 4119
763 4949 2265
10412 13621 6433
2313 1734 885
4660 11929 5684
8268 7926 3797
932 5633 2682
10829 13560 6527
1452 1122 534
5028 12311 5857
8499 7855 3784
1107 5595 2683
11283 13332 6356
879 754 305
5488 12488 5967
8021 7251 3397
1311 5989 2918
11503 12963 6093
6 158 109
589 525 198
5762 12733 6250
7575 6872 3229
1481 6331 3185
11144 12632 6037
29 503 331
293 275 96
6688 12544 5910
6459 5719 2532
2048 7059 3462
11333 12448 5965
63 574 391
865 810 320
6136 12395 6365
7194 6895 3349
1899 6243 3309
10927 11571 5425
167 1196 746
445 397 147
7205 12382 6083
6577 6227 2884
2170 6697 3622
9143 9514 4146
871 2686 1410
435 422 153
8668 11903 5613
7358 6903 3172
1773 6091 3593
2421 4434 2426
9087 5210 7825
280 12 123
3005 3566 4793
5051 1056 2369
9030 2833 5040
786 1920 2294
63 148 59
9725 4802 7337
9 150 127
269 600 248
4112 4036 5253
2612 421 1116
640 742 298
237 1046 428
7521 2319 3733
987 2060 2550
1069 1473 590
13 288 110
9398 3934 5854
22 275 239
827 1728 660
4995 3855 5410
1140 144 444
414 438 171
360 1296 495
6002 1671 2525
1416 2097 2770
1603 2030 731
78 572 220
10175 3493 5404
70 436 446
1116 1742 687
6571 3839 5788
593 1726 675
5109 1201 2019
2197 2437 3332
366 1615 622
631 722 287
8441 2804 4024
255 836 1065
1919 2646 1009
38 588 224
7526 3635 5169
1551 3069 1170
2948 682 1142
3363 2949 4176
546 579 225
638 2175 828
7857 2237 3356
761 1228 1804
1510 1893 729
111 870 338
9676 3509 5523
1389 2014 802
1192 286 405
4588 3057 4438
1182 3329 1259
5618 1619 2257
1400 1702 2563
1261 1444 543
413 2016 749
8939 3131 4433
55 230 453
2114 2872 1074
36 572 214
5955 3452 5033
1702 3461 1317
4584 1478 1976
2119 2161 3348
822 871 339
728 2608 1014
7705 2388 3462
400 702 1236
1596 1993 749
191 1408 517
7509 3242 4907
2218 3425 1308
2774 872 1054
3360 2404 3922
297 288 113
1163 3156 1225
7648 2636 3701
566 950 1711
1380 1588 621
353 1880 753
8225 3423 5148
12 14 103
2048 2868 1130
38 564 214
994 386 361
4802 2684 4424
1794 3501 1309
6167 1859 2517
1348 1325 2498
681 707 270
689 2707 1071
8768 3312 5002
55 98 341
1900 2464 1005
100 1011 417
570 246 225
5682 3176 5443
1627 2737 1148
5320 1766 2375
1844 1641 3043
429 436 178
1033 2995 1220
8022 2805 4102
390 365 1039
1216 1409 560
395 1955 757
146 64 55
6481 2988 4665
2774 3511 1305
73 692 251
1890 616 681
3826 1903 3097
2592 5075 1845
7635 2125 2912
598 711 1767
1478 1581 600
523 2273 949
7377 3308 5418
1 7 61
2238 2847 1187
31 580 250
2538 972 1190
171 196 731
306 1148 484
7168 5660 4032
1941 6752 3824
10520 10696 6899
159 1457 667
6934 11005 6515
1547 774 656
2938 8182 4563
5377 3460 2513
9419 7962 5115
768 3698 2019
10120 11390 7165
12 403 173
5404 10556 6160
1666 839 727
7115 4981 3166
1852 6070 3359
10292 8935 5595
272 2271 1159
9018 11409 7062
3309 1942 1359
4366 9258 5479
8015 6033 3854
1371 5222 3103
11085 10103 6321
49 996 501
7592 10831 6546
4716 3059 1933
3394 7825 4727
9263 7338 4572
836 3727 2359
11275 11341 7291
6510 10846 6756
5716 3989 2369
2649 6637 4178
9783 8215 5021
483 2557 1733
10073 10796 6833
1704 1267 680
5391 9474 6106
6733 4996 2917
2074 5448 3572
10768 9407 5693
270 1184 1014
8645 10801 7014
3198 2643 1405
4518 7877 5322
7756 6245 3692
1549 4171 2958
10735 9927 6229
115 615 608
567 490 226
7138 10255 6901
4960 4161 2290
3272 6473 4743
8926 8306 5093
933 2424 2103
149 132 61
9545 10424 6990
45 223 252
2119 1837 959
6261 8608 5994
4530 3749 1935
3789 5989 4245
10166 8486 5093
547 1690 1630
568 487 233
7669 9484 6310
104 440 507
4422 3914 2141
5020 6466 4937
2863 3236 2088
162 292 369
4104 1504 3542
3 51 66
2067 1855 1012
1650 5659 2700
3248 1737 3986
1243 177 570
3393 3682 1898
790 2878 1565
4352 798 2309
857 868 1859
5357 6005 3220
83 819 356
4973 1117 2913
155 363 672
4304 7250 3585
3 150 67
4894 1633 3791
2781 7072 3559
561 465 270
2753 1509 3381
844 81 380
3227 3126 1574
1217 4245 2106
3370 619 1643
1000 795 1935
4604 5133 2619
317 2247 1091
4887 942 2673
184 322 765
5293 7035 3464
7 142 60
5006 1363 3569
3482 6940 3383
293 207 118
2300 1128 2502
715 75 289
2791 2402 1139
2095 6064 2662
2437 471 1131
1297 916 2286
4243 4398 2078
738 3305 1657
4676 1068 2708
301 454 1110
5153 6056 3121
99 1230 590
5363 1372 3606
4723 7198 3553
3255 1326 3573
150 6 65
1004 791 410
2745 6198 3035
2602 437 1209
1484 897 2451
3198 2894 1416
1299 4104 2054
4519 849 2412
398 428 1216
4411 4612 2274
383 2281 1111
5743 1365 3752
5391 6507 3164
5 316 175
3566 1306 3697
3845 7140 3682
2408 404 1094
1596 841 2446
2214 5557 2756
1917 1661 836
3452 767 1804
392 429 1088
4596 4596 2173
1005 4026 1952
5250 1203 3256
11 39 194
5381 6093 2979
168 1342 696
3804 1281 3760
4982 6949 3569
2316 383 1057
1855 878 2699
568 526 247
3098 6330 3250
3370 683 1740
491 424 1187
3396 3158 1492
1709 5277 2631
5108 1027 3111
49 103 430
4615 5098 2595
423 2233 1234
3680 1048 3272
5569 6897 3456
70 690 390
1381 225 576
1738 631 1906
5310 8566 4024
144 147 60
3166 556 1484
508 465 1355
2190 2027 909
2559 6502 3311
4365 1082 2744
43 62 246
4579 4886 2386
862 3844 2074
3345 1070 2927
5746 7352 3711
216 1396 786
1259 210 523
1801 771 2329
5703 8416 4232
6 93 62
3521 708 1793
623 402 1541
1503 1499 681
2847 6548 3602
3699 849 2306
104 126 515
1593 5098 2695
3388 3735 1862
3589 904 2698
5751 6386 3047
413 2392 1376
1212 239 555
1840 740 2351
5722 8097 4157
41 511 317
2180 375 1017
711 343 1068
568 563 228
5197 8796 4160
23 261 160
2533 394 1168
220 163 667
1540 1622 607
3821 7966 3765
652 195 620
3006 3184 1474
3 90 61
8406 4105 6211
520 1959 1789
146 146 70
276 1030 498
8694 5450 7867
187 896 751
574 45 305
6680 6050 7659
1334 172 768
102 149 74
190 588 288
4521 1456 2339
2688 3639 3879
1765 2290 1020
102 854 374
6952 2670 4043
1335 2698 2982
1137 1864 878
9 144 70
8013 3764 5335
377 1413 1292
1496 2574 1180
7678 4831 6020
36 426 327
430 423 192
1164 2997 1332
5371 4729 5607
822 104 374
1184 1256 554
646 2078 902
3806 1159 1781
3140 3679 4225
1527 1806 798
349 1554 690
5895 2266 3088
1297 2305 2690
1909 2500 1102
106 820 358
6524 3031 3648
342 1205 1240
3038 4464 1757
5 278 102
8351 4759 5988
15 289 250
1735 3404 1467
5990 4468 5741
148 10 65
430 403 179
1159 2830 1222
2992 844 1280
3567 3575 4483
1046 1064 452
710 2153 936
5427 2013 2724
1766 2569 3214
1417 1613 706
371 1616 710
6611 2811 3637
508 1325 1637
1922 2427 1033
205 1488 611
7244 3956 4651
32 380 443
3162 4520 1854
26 412 169
6351 4504 5513
2284 4388 1844
2254 779 1024
4609 4111 5878
288 274 124
649 1966 964
5564 2136 2952
2300 2756 4067
496 1520 730
530 564 288
6773 2945 3851
838 1521 2237
1354 1501 692
404 1632 744
7925 3798 4946
154 463 862
1840 2264 1002
165 1068 483
7410 4402 6023
2109 3026 1409
15 278 131
1556 686 672
4687 3743 5412
1876 3240 1488
4211 1782 2071
2843 2361 3768
142 141 62
1319 3063 1402
6116 2495 3182
1240 1572 2624
939 949 434
787 2288 1060
8154 3774 4918
251 454 1059
1449 1624 756
373 1641 777
7386 4053 5573
34 53 244
195 1076 490
1800 2336 1106
841 422 338
5127 3794 5512
2187 3228 1462
28 393 186
4148 1926 2157
2800 2595 4274
1590 3157 1526
6601 3023 3805
1159 1510 2884
546 568 282
908 2236 1118
7816 4134 5292
278 403 1134
1139 1267 617
618 2067 1015
290 157 128
6288 4466 6079
94 76 397
1651 2141 1071
285 1232 604
1736 930 840
5416 3331 5396
2029 2582 1246
62 689 345
5194 2692 3018
2354 2223 4162
1568 2844 1460
5652 2822 3547
1437 1563 2848
429 437 221
1176 3015 1551
8257 3627 5160
468 717 2388
641 715 371
34 568 311
562 319 258
1328 1413 2784
6825 4394 5117
2019 4816 3477
147 12 69
7996 5794 6508
1218 4312 2943
8499 7356 7525
285 1905 1122
288 63 159
6644 7224 6531
24 364 193
1992 456 1044
5804 7452 6441
4 134 72
3241 975 1743
4112 7128 5977
4140 1605 2451
6788 3165 3956
2124 4798 3845
8134 4461 5078
1155 3467 2739
9290 5826 6351
455 2184 1555
9364 7035 7277
108 1109 723
150 3 64
8400 7516 7379
434 37 205
5790 6682 5959
2052 482 909
264 1023 420
3428 1565 1629
4153 5826 5471
623 730 300
130 292 120
5548 2687 2748
2624 4569 4282
561 730 300
102 295 124
6833 3935 3763
1393 3387 3035
753 1050 448
124 740 310
8056 5305 5049
593 2341 2051
929 1308 536
63 444 185
9330 6722 6468
140 1037 1197
329 745 315
9049 7839 7573
747 1037 437
3 143 59
591 415 266
6686 7243 6931
901 1752 736
2751 1653 1341
5237 6163 6474
148 148 63
102 592 252
4572 2815 2382
3314 4322 4457
276 296 126
561 1456 618
6247 3715 3139
2004 3151 3488
394 426 177
440 1278 531
7719 5459 4772
1002 2061 2578
639 705 295
152 730 315
9150 6527 6234
534 921 1667
120 146 63
9231 6981 6948
158 251 739
82 146 63
39 150 67
850 622 387
7045 6592 6497
14 63 205
859 1350 603
37 450 201
2537 1835 1251
5929 5339 6131
1 10 64
554 750 335
8 150 67
3642 2538 1817
4185 4325 4995
965 1788 799
5487 3612 3013
2698 3365 4201
695 1192 528
6587 4779 3810
1754 2004 3066
137 149 66
517 1475 656
149 123 70
7438 6299 5629
909 968 1921
265 296 132
397 861 376
556 459 274
6621 5539 4992
680 652 1499
516 574 252
380 1136 496
1438 1213 744
7640 5893 6522
180 148 654
300 441 198
3079 2479 1720
5378 5134 6292
67 85 502
4605 4294 3157
4405 3694 5651
5938 5921 4661
3034 2160 4269
280 254 151
9858 9274 9634
130 292 606
2016 2347 1775
924 1296 2004
287 2 144
997 48 997
6427 4577 5234
1536 4358 3113
147 23 80
289 22 171
973 227 1541
1166 3432 2324
6143 4414 5366
280 51 151
405 33 240
408 57 692
6689 5526 5863
899 3273 2156
679 98 365
466 20 304
8194 7296 7193
571 2793 1594
402 77 234
7540 7792 7012
240 1751 1022
102 8 152
931 170 524
60 146 62
856 32 604
7 4 75
125 1188 637
6812 7200 6672
1419 273 776
109 146 62
7169 8697 7232
26 418 204
1901 455 1058
6396 8644 6911
2727 787 1519
5316 8174 6601
3107 1112 1767
4208 1918 2394
4297 7318 5846
147 150 66
46 150 66
5274 2727 3061
3551 6717 5237
118 149 65
51 447 195
5863 3672 3483
2615 5419 4314
714 882 382
37 298 130
6859 4210 4032
2017 4616 3901
255 447 195
7362 4885 4674
1461 4108 3409
222 296 130
4 148 65
8207 6060 5491
999 3281 2882
192 444 195
8924 6974 6291
551 2240 1948
108 294 130
50 294 130
8875 7569 6709
272 1498 1322
384 438 195
44 438 195
9426 8024 7363
144 797 939
9562 8270 7646
43 189 428
7980 8553 7535
17 30 123
660 856 380
17 283 125
855 686 406
7444 8020 7375
547 1148 508
2216 1612 1125
6409 7837 7766
3343 2434 1756
4850 6412 6117
849 1347 621
3821 2903 2011
4536 5033 4987
916 1758 803
4400 3597 2363
3673 4060 4301
1234 2089 896
4386 3474 2383
3288 4021 4361
862 1686 756
6583 5742 4200
2004 2830 3358
149 142 64
776 1564 712
6815 6290 4564
1591 2238 3124
137 147 68
532 1317 608
7308 7337 5633
1439 1419 2532
144 147 68
321 733 340
6821 6682 5136
1340 1375 2424
266 292 136
320 876 408
417 395 206
7038 6846 5511
823 910 1875
402 438 204
393 873 408
562 500 251
7667 7560 6743
460 611 1498
256 290 136
2207 2057 1234
6071 7130 6974
302 387 1126
3077 3118 1989
5398 6221 6434
123 161 463
276 888 424
3835 4039 2730
684 7 567
8 1 81
4253 4590 5462
185 96 547
325 438 208
10 150 72
436 36 433
4976 5709 3933
3678 3989 5604
12 48 178
409 35 271
659 271 1671
140 150 92
5420 6844 5874
1709 2065 3556
17 17 85
462 60 368
404 432 275
1785 2427 2237
304 187 667
273 17 162
630 107 826
6498 5022 6839
1174 3789 2635
148 33 104
396 15 237
488 45 711
5374 4319 5042
806 2706 1838
1015 92 594
802 942 523
242 689 382
6509 5385 5758
838 3173 1981
817 103 473
570 685 380
364 1007 562
5980 4973 5178
320 27 546
615 2075 1367
820 118 461
669 1864 969
640 707 395
7802 5592 6412
472 2111 1262
539 95 265
878 999 525
45 437 234
6776 5350 5612
436 1778 1057
701 67 394
932 1984 1059
277 286 162
6257 5124 5019
665 2679 1708
431 54 205
911 933 485
1122 2396 1246
6783 5554 5449
515 2238 1478
147 18 73
543 566 296
1207 2614 1368
6722 5393 5455
624 2606 1898
405 399 214
938 2321 1234
6846 5883 5765
544 2487 1786
1479 2680 1414
141 134 76
6652 5441 5300
520 2403 1858
286 257 133
1327 2549 1338
7786 6071 6375
497 2169 1789
798 1485 846
3 140 80
6747 5434 5300
459 2215 1696
1720 2822 1494
15 269 142
7596 5930 5999
436 2071 1651
1032 1784 980
33 403 208
6333 5661 4916
433 1871 1608
2310 3160 1570
60 494 257
6840 5693 5290
491 1992 2026
1446 2256 1203
51 413 240
6573 5714 5209
362 1684 1471
185 934 480
1720 2503 1349
6095 5511 4479
368 1550 1479
2332 3138 1524
289 1462 730
6699 6111 5291
452 1596 1701
1646 2261 1172
254 1205 658
7190 6276 5734
512 1761 2066
1301 1774 967
140 715 420
6718 6441 5645
485 1458 1702
1305 1667 907
419 1425 774
6158 5972 4867
561 1342 1795
1641 1941 973
509 1673 910
6711 5955 5135
614 1232 1711
1282 1456 784
551 1748 958
6967 6188 5509
555 1333 1819
1182 1340 730
591 1464 818
5969 4601 4038
1176 1268 1989
1121 1176 636
833 1902 1042
6710 5231 4555
766 1274 1919
888 903 487
957 2156 1181
6601 5584 4779
949 1279 2257
788 781 418
596 1850 1058
6572 6304 5519
681 934 1590
1256 2553 1387
528 545 315
289 258 147
5525 5582 4476
963 1061 1925
946 964 472
1162 2810 1553
284 268 144
6115 5725 4834
931 940 1885
394 409 222
1413 2693 1497
275 268 142
5584 5866 5008
938 927 1680
1707 3036 1653
411 408 221
285 254 134
5210 5672 4381
1014 882 1993
418 431 199
1641 3389 1818
1414 1496 900
149 2 84
34 4 168
5688 6010 5981
876 861 2155
137 136 83
494 1254 763
613 683 381
5703 5274 4810
1259 1232 2466
416 434 241
815 1996 1179
411 384 205
5599 5178 4547
1450 980 2109
1456 2655 1499
283 286 174
7 127 78
1309 1316 758
3854 4304 3527
1634 930 2140
2110 3424 1849
48 370 215
1604 1868 1207
683 78 641
57 18 264
5061 4511 4771
737 596 1621
1215 2461 1430
20 126 77
1169 1388 924
130 17 180
1604 1101 1732
32 8 166
180 520 318
693 69 548
125 52 523
739 3132 2545
4329 3764 5525
970 181 824
1415 1967 1624
226 801 617
147 98 92
5837 4973 6791
206 993 778
1023 181 800
307 989 761
1671 1965 1639
5435 4169 6155
502 1783 1516
902 88 667
508 1548 1236
1229 1401 1169
5360 3784 5334
588 1793 1545
283 34 186
1913 1908 1529
996 2289 1713
4310 3099 4123
1395 3152 2763
1851 1719 1325
1481 3115 2281
4599 2947 3781
1341 3064 2990
1445 1145 958
2124 3801 2704
4881 2507 4281
1546 2804 3139
2211 3354 2661
28 269 189
137 104 97
4028 2200 3187
2371 3639 4456
2097 3325 2579
80 614 497
3694 1810 2712
2223 3254 3523
3018 3458 2745
160 1074 734
2545 1168 1486
2086 2504 2677
3815 4040 2898
533 1894 1238
2121 804 1132
2662 2760 2981
3418 3301 2390
1014 2788 1840
1348 533 754
3565 3824 3919
2601 2094 1609
1673 3534 2386
4044 4027 4277
2 110 75
837 226 474
2485 4050 2828
1844 1336 1072
4275 3454 3965
17 232 202
148 31 77
1453 837 692
3339 4178 2977
3666 2242 2737
97 570 622
4105 5629 3715
35 500 353
582 306 256
4405 3508 4066
249 1317 1302
2122 2858 2322
43 130 155
3124 3185 2901
411 1340 1421
769 500 625
181 265 341
5050 3522 4267
1071 2006 3030
498 1172 1104
941 461 594
5582 3276 4703
1344 2186 3241
1008 1938 1603
1269 1169 1025
3819 2176 2619
1639 2236 3002
1715 1515 1129
2065 3284 2614
3617 2041 2489
2154 2499 3388
950 765 575
2765 3525 2849
1 57 74
2294 1337 1419
2595 2604 3354
288 265 141
3828 4578 3445
49 309 303
2058 1109 1196
3609 2868 4215
3105 3719 2874
193 854 770
1065 566 563
3705 3037 4138
17 29 228
3287 3766 2760
472 1456 1221
1099 663 596
4536 3208 4519
52 68 314
2694 2517 1944
956 1895 1636
406 290 219
4514 3260 4218
139 101 444
2478 2283 1672
1385 3070 2396
283 206 146
5444 4015 5158
237 249 897
2354 2296 1672
972 2559 2139
418 325 243
4909 3654 4664
417 460 1121
1751 1695 1264
1915 3456 2731
5725 4491 5359
499 565 1578
1162 1123 769
1533 3553 2935
4799 3565 4483
1093 997 2173
2158 3767 2967
742 796 599
7 189 193
4076 2724 3130
1712 1409 3120
272 286 170
2549 4425 3500
20 207 203
5070 3285 3762
1466 1236 2732
2156 3446 2697
263 1172 984
293 282 193
3217 2795 2663
2049 1340 2632
3391 4391 3196
1 5 80
340 1740 1390
3336 3506 3156
2547 1889 4403
2141 3125 2421
342 1140 999
1 3 104
3404 3156 3080
2475 2067 3920
0 21 89
2199 2874 2176
864 2056 1700
2243 1613 1568
4014 2868 5057
1871 2118 1627
53 21 282
749 2400 2030
2682 1920 1735
3926 3028 5613
157 78 803
2024 2630 2093
328 1226 1032
1502 1202 1162
649 449 1270
1276 1604 1276
1611 490 1452
1023 978 1710
3941 1991 4051
1899 2896 2981
23 395 264
140 4 103
278 282 196
1124 346 887
1563 1199 2329
2883 3455 3432
123 762 516
1976 891 1596
1291 2284 1510
90 548 356
2493 1729 2987
31 144 184
379 102 281
3625 3367 4209
498 1694 1249
1153 240 884
559 938 648
230 828 577
2364 1197 2651
69 223 344
285 44 182
3654 2641 3813
1054 2685 2210
545 69 370
530 1022 723
570 636 460
2010 951 1977
100 178 390
150 11 86
2013 3563 2909
2876 1593 2466
517 486 344
1405 2442 1622
15 144 86
1839 592 1523
1055 982 1892
2506 3331 3622
2518 1051 1851
40 401 311
825 1596 1080
133 552 388
1983 778 1849
2612 2507 4748
2421 2239 3136
278 1080 1018
1099 258 824
631 775 558
332 798 569
1820 504 1504
2671 1983 4014
466 1509 1586
3317 2336 3753
268 298 204
642 1341 918
1 148 102
828 172 526
2189 901 2490
3600 2051 3325
1536 2619 2880
640 1224 872
51 408 291
2590 795 2719
81 239 606
293 31 165
2560 1200 2042
2675 3498 4097
655 911 659
193 639 465
2776 843 2804
239 249 800
3824 3359 4505
76 597 450
1427 385 992
587 627 460
446 867 642
1486 314 1115
384 245 750
5007 4576 5368
557 2023 1815
139 2 90
270 244 182
669 1110 820
4 122 90
1608 317 1115
698 276 1014
4040 2937 3648
1481 2821 2951
1094 1422 1030
89 351 265
741 112 429
1252 335 1188
3456 2429 2411
2284 3572 3356
741 1613 1090
1278 1590 1062
414 61 240
2664 999 3080
6 89 255
902 503 545
838 1281 894
1507 1248 810
1840 2681 1704
2200 808 2345
83 88 296
4134 3951 4167
239 862 929
1436 2165 1503
295 195 145
76 511 348
1124 271 937
135 86 271
4447 3990 3750
1093 2698 2548
1277 1795 1224
373 1294 882
379 45 250
4121 2850 2608
2795 3270 3205
158 9 174
929 2015 1374
1026 1152 780
2681 1569 1340
270 46 137
1590 841 2331
3133 3849 4466
536 554 370
1044 2156 1467
3 129 95
1324 326 915
1877 676 2456
3991 4182 4768
133 454 793
690 630 543
1111 1695 1187
127 531 374
149 32 74
2040 489 2034
44 75 321
4647 4324 4620
763 1661 2607
916 1376 938
18 140 101
2305 669 2253
207 231 756
4550 4245 4794
1711 2769 4006
1442 353 1170
334 299 800
3654 3206 3074
2827 3913 4391
1126 1640 1136
5 6 95
26 252 190
1686 487 1280
1224 657 2384
1615 1543 1183
3737 3816 5150
978 1470 1054
62 76 338
13 150 106
1857 371 1340
1939 640 2635
3658 4126 4831
544 482 424
356 586 1314
576 702 506
358 786 584
1067 254 717
2828 1079 3725
150 137 105
3757 3664 4180
1037 1366 2635
258 250 188
119 685 500
834 297 585
3356 2249 5048
2537 2976 3111
9 17 120
1420 1682 2815
139 148 106
645 1028 771
66 372 282
417 216 302
3709 1962 4951
182 177 964
2182 2474 3789
1657 1715 1725
907 961 739
24 294 210
60 18 222
4114 2571 5097
233 371 1340
1857 2064 1882
1901 3032 3916
35 108 237
671 858 620
372 834 610
148 94 109
3912 2713 5597
725 725 2007
2126 2590 3105
759 754 782
522 329 1045
260 268 200
707 1134 862
14 122 94
2962 1505 2952
1431 1158 3371
2827 3694 3942
128 139 120
726 632 1641
1088 1163 913
26 290 210
2690 1528 2981
2039 1507 4150
2 3 114
2203 2676 2956
1107 1157 1897
10 12 99
355 770 556
659 967 711
6 83 76
2150 1066 1802
2417 1754 4391
1267 1574 1485
1457 1719 2323
43 6 228
77 120 297
133 113 76
894 1138 852
466 501 581
11 17 47
1132 685 948
1950 1328 3023
200 85 450
1844 1971 2223
856 1019 852
819 492 1055
1289 1170 1037
817 854 542
174 50 178
384 246 309
1221 858 1528
193 193 528
389 400 246
1537 2235 1537
1785 917 1522
95 53 422
1823 2181 1084
1890 1901 1613
2159 1311 2347
664 407 1598
1995 2611 2117
2284 1343 2911
76 29 174
615 577 404
721 2034 1514
481 436 472
2435 2323 3565
468 371 1449
1173 1537 1304
1007 920 1295
13 59 82
1670 2115 1204
280 251 151
1468 1006 906
143 101 189
374 333 359
1170 664 1449
611 826 721
355 214 423
750 822 563
21 2 81
82 140 166
2904 2005 3524
1063 2144 2528
400 55 327
2135 1973 2835
804 1796 1767
1073 295 992
408 848 750
220 695 570
2773 1305 2847
1445 1564 2507
2083 3471 3782
2546 1390 3341
9 128 111
98 139 114
139 4 121
146 138 114
3105 2887 4578
136 825 801
1414 412 1338
223 850 760
2252 2469 3460
1202 341 1278
621 934 786
95 380 330
2881 1900 3174
315 740 1006
583 122 404
3191 2390 3756
1174 2327 2212
494 68 427
392 516 444
434 1016 882
2713 1263 2773
1280 1573 2501
1704 2564 2916
86 561 426
1134 718 1164
678 542 499
1400 1960 1662
55 266 195
1813 600 1500
2959 2316 4032
37 203 188
2750 2470 3716
458 1314 1342
521 171 425
592 958 813
294 810 684
2177 1720 2821
334 754 955
283 73 202
2370 3851 4275
3148 2213 3672
145 1 120
391 600 480
1069 939 1144
1179 1968 1889
1 143 114
1800 878 1624
42 52 200
1036 1178 1025
54 396 307
1429 1478 1470
41 324 307
2310 1880 2957
279 727 965
1847 2452 2357
1292 601 958
1565 1481 1461
295 980 809
223 280 113
2155 1324 2231
1092 1428 2134
2520 2457 2728
153 564 652
532 166 350
1510 1202 1185
1230 1901 1615
1576 659 1283
2350 2160 3305
835 1140 1441
2209 1553 2300
1628 1753 1634
229 910 740
425 237 261
2104 1709 2565
158 472 644
145 41 97
1583 782 1051
2558 2378 2728
12 131 85
1633 1500 1342
1225 1873 1641
2071 1312 2007
719 1051 1642
2324 2031 2486
429 1010 1051
149 12 79
199 849 656
548 372 346
1835 2276 2048
1281 478 909
979 399 1020
1863 2369 2119
1910 1275 1368
2135 2223 1749
1454 2794 2029
289 108 162
2353 1516 2605
147 473 788
963 428 538
2460 2507 3106
102 388 522
803 674 544
1642 2207 1866
95 668 544
1982 1577 2161
624 876 1362
2481 1891 2166
1015 1319 1679
1594 1954 1608
862 1945 1606
1396 651 1068
1933 1549 2724
1585 1015 1088
2227 2016 2761
5 8 79
1018 883 705
1639 2120 1859
58 275 310
706 311 480
2217 2020 3137
69 281 467
2185 1731 2270
371 662 790
925 1144 1085
1809 1397 1468
221 423 177
1969 1423 2046
588 1126 1651
1574 1002 964
1178 1056 1351
1256 862 576
2380 2125 2076
81 198 325
281 282 118
2085 1381 1949
1623 2051 3083
522 419 372
1844 1664 2288
152 208 480
1775 1635 1596
716 995 1125
1037 812 849
1639 2052 2497
30 74 179
885 1288 1367
1914 1741 1742
1519 1259 1004
2293 2973 2468
1 74 92
1702 1330 1825
469 612 1172
1868 1443 1257
2212 2514 2879
2141 3143 2539
8 35 91
150 118 78
273 888 743
1622 847 1354
767 1080 1577
2437 2138 2313
398 494 621
280 228 174
2352 2258 1954
1377 1388 1104
79 138 260
601 457 480
1307 1205 1619
66 63 255
1684 1379 1006
1375 1288 1391
136 127 51
3344 2974 2309
662 1121 1220
143 95 95
2011 1778 2213
229 401 784
933 894 585
2780 2765 3091
90 160 373
1754 1450 1129
1266 1902 1945
1485 1181 1537
1051 749 1566
2133 2353 2358
872 844 1267
271 272 178
386 1004 894
1453 2311 1967
743 787 539
489 311 350
1090 1218 1702
4 49 89
1363 1211 792
1571 1369 1348
68 38 109
1821 1606 1031
2336 1962 1801
168 98 356
308 402 171
380 315 300
1071 870 1238
77 226 407
1860 1862 1427
317 420 231
692 528 722
518 458 203
3417 2498 2117
594 954 1164
715 491 668
232 520 616
1911 1821 1172
1707 1187 1310
43 41 96
2312 2377 1666
1803 2447 2089
24 74 142
196 145 170
573 644 814
406 429 206
1929 1325 886
120 21 210
278 205 401
1045 1176 337
3916 3013 2083
310 979 1258
135 149 64
270 156 176
590 585 686
217 89 280
135 115 51
3090 3183 2243
1838 1262 2620
137 138 57
2107 3691 2911
63 368 323
147 148 52
3641 3175 2084
4120 3214 4889
125 215 683
436 1052 870
482 980 836
1361 1207 547
3897 3787 3189
921 841 1429
1830 2631 2068
958 1077 805
145 766 661
363 439 153
5913 5202 4132
419 294 793
149 37 70
1339 1371 3471
1140 2260 1764
4465 2398 4366
1046 664 2939
702 703 537
1073 2324 2668
61 484 543
1342 2466 224
142 400 26
836 368 756
1715 420 2324
2982 3607 3810
21 6 138
2069 2256 2418
1034 621 1548
8 13 177
176 171 1
272 292 230
39 276 224
17 138 2
592 409 1057
811 964 644
1521 1111 2029
22 148 108
18 23 243
1450 535 1910
1088 864 1865
10 85 109
2157 1455 3240
1363 1845 2627
25 248 229
389 46 409
1136 1630 1685
3 150 137
926 1017 50
680 1254 69
1689 1202 2399
742 1278 1698
477 100 455
1746 1815 2684
378 841 927
565 110 826
2383 2796 4043
299 1019 1049
411 262 432
136 99 3
1245 618 1344
1501 1689 2784
22 100 115
1413 742 1913
1480 2086 2605
75 396 354
1322 1209 1818
1505 2204 3272
37 268 228
147 36 133
2226 1608 2865
317 634 1012
568 157 493
1410 1133 2152
726 1549 1554
351 84 339
1450 1479 2324
487 1002 1354
804 293 839
525 541 465
290 561 472
882 409 1203
275 207 540
1693 2097 2251
28 228 157
1228 643 1116
207 754 536
2057 1004 2337
2282 2637 3412
190 557 472
419 104 286
1008 543 1147
252 532 684
2053 1382 2154
513 116 304
539 860 1327
2606 2070 3227
1133 1805 2186
411 44 343
244 278 236
141 139 118
45 277 234
736 489 805
1059 1354 1897
38 258 254
1636 1768 2557
84 268 206
1315 420 1333
245 780 818
1329 1422 2107
581 218 557
738 1286 1145
744 877 790
535 517 892
640 1058 1075
402 90 312
1414 964 1291
1979 2039 2255
69 480 304
2155 1383 1765
1235 1677 1471
258 797 624
400 304 298
466 75 142
6 51 39
3907 3084 3372
1462 2376 1689
136 2 106
703 102 519
948 1543 1305
111 649 523
112 137 117
1405 762 906
1746 2157 1836
1289 715 781
2125 2572 2393
351 1081 982
1350 1592 1340
999 1646 1394
2433 2470 2656
66 10 81
318 985 994
231 36 324
922 306 604
1995 2127 2898
14 137 83
1747 1055 1800
547 879 779
393 787 678
144 90 102
247 54 176
500 124 669
37 55 269
1480 1024 1321
2251 2278 2801
2320 1864 2724
722 1120 1656
144 38 100
516 501 420
514 939 872
96 377 341
792 236 930
298 150 522
2861 2032 3394
728 1472 1495
281 46 209
287 1121 1381
1327 531 1295
2054 1831 3273
364 69 276
529 109 661
27 48 174
1516 900 1205
2059 1821 2414
17 189 162
1776 2074 2400
2255 1641 2587
468 465 426
635 1041 1000
530 144 522
521 267 945
1871 1547 1803
840 1100 1509
2186 2373 2701
755 1560 1843
292 98 190
397 240 280
816 1166 1169
132 324 326
507 84 376
640 357 952
29 46 174
2078 2194 2591
110 544 704
1001 470 759
1430 1154 1339
1516 2035 2270
97 557 716
1032 1263 1259
23 242 208
475 408 426
675 274 669
622 438 1206
2063 1574 2053
1050 1378 1790
1697 1542 1792
1318 1659 1940
1011 1137 1073
774 1142 1166
388 128 301
770 493 1289
10 4 80
312 740 961
937 615 694
2144 2194 2583
554 329 429
2166 2462 3129
530 1065 1507
149 106 108
573 875 800
185 556 476
48 4 80
2465 1677 1975
2381 2476 2842
1687 1219 1581
2425 2656 3361
31 226 515
358 428 361
510 1046 861
424 279 219
2794 3049 3284
653 1176 1480
2691 3130 3928
1338 1963 2731
282 444 366
2154 1537 1695
239 4 158
2946 3243 3935
197 20 165
751 584 641
1698 1875 2732
14 13 110
324 586 1097
150 148 122
495 756 690
235 647 582
255 55 179
1024 207 980
71 126 539
568 514 395
2912 3360 3934
441 1080 1548
1694 1411 1888
2088 2545 3852
225 294 244
1909 785 2267
693 469 1531
1632 1280 2213
1469 1074 1548
50 127 313
2049 2083 3157
1167 1169 2425
144 112 126
135 146 122
626 177 497
247 80 444
2623 2566 2830
1382 2160 2886
148 121 100
1196 920 1078
2562 2862 4359
52 340 537
6 146 122
23 80 0
2060 1936 1626
2856 3146 3740
195 32 170
278 365 1027
1838 2464 2788
1490 2242 3220
231 240 0
141 148 79
2777 2458 2702
697 209 559
2120 1892 3414
655 563 585
2907 2727 4222
161 696 942
42 218 19
966 353 983
349 115 538
1889 1651 1709
3363 4064 5790
326 529 1303
23 149 139
1387 245 165
102 78 74
341 985 88
328 562 46
145 147 78
3377 3171 3386
3042 3129 5465
131 148 139
1106 1916 2115
8 17 146
222 281 23
898 1180 107
20 279 23
16 19 35
1826 1992 1494
147 13 85
641 123 913
3117 4838 6171
12 290 406
2588 1068 485
144 652 238
652 104 474
1325 340 1653
52 18 184
1026 2362 2949
2424 3140 3686
1089 458 176
1624 1311 489
65 49 37
778 133 614
1137 1003 883
368 353 1148
2434 4474 4965
24 203 270
2682 3532 1104
145 76 0
73 328 106
3768 2186 4335
707 958 1774
260 285 268
3319 1142 1506
1644 654 737
520 505 118
589 828 304
148 593 249
1782 1862 2434
1626 1420 2951
115 226 617
231 103 10
1109 1555 1734
182 69 45
71 383 531
995 1135 229
1751 1762 524
462 936 364
146 93 117
1291 898 1776
1527 1057 2887
132 143 126
1700 2842 3138
9 10 132
222 874 1012
3488 3244 1084
342 1502 470
1112 736 1046
422 20 564
0 5 141
2392 1575 4348
169 66 716
943 1144 1292
486 639 716
1978 2569 805
1397 3334 926
121 425 115
24 25 288
828 551 137
1050 506 253
165 237 284
347 538 37
32 14 10
262 219 710
940 1151 147
95 140 294
153 160 6
134 137 140
402 514 719
184 557 828
657 747 189
0 21 115
235 191 211
293 196 356
88 7 128
610 432 343
272 287 261
19 83 50
21 36 33
36 30 1
136 107 25
9 106 25
126 136 3
12 111 11
110 135 120
106 145 74
143 49 8
621 330 95
58 23 288
585 519 700
819 754 1453
617 878 60
414 386 33
190 39 354
39 96 9
279 328 359
622 419 955
171 254 273
50 50 200
346 361 418
138 91 86
248 324 388
1174 973 575
2230 2197 2015
106 202 334
464 560 271
147 69 50
437 573 645
177 236 494
154 359 323
7 13 118
184 190 383
186 345 234
260 37 176
837 914 720
126 189 351
119 144 74
2851 1388 1508
809 1162 506
1341 253 456
1012 1745 1262
2670 2178 2901
661 186 675
171 180 177
42 103 92
1251 473 185
58 86 33
386 173 1022
72 264 0
38 109 143
1015 1621 321
201 92 283
1428 853 470
40 262 279
631 772 126
20 150 14
320 217 442
1197 1022 566
118 370 39
314 341 578
954 916 273
149 276 264
143 77 115
53 82 125
247 284 255
103 58 89
67 125 108
78 128 19
84 32 136
83 137 124
140 119 9
359 550 699
410 77 578
478 164 36
945 914 1560
22 136 134
1492 917 155
241 480 12
225 39 285
74 230 288
930 818 218
1268 2054 344
482 102 60
184 125 286
498 140 38
825 553 173
588 931 228
135 8 117
241 423 33
5 52 110
138 37 281
118 66 3
18 127 19
1589 1491 2942
559 1083 1490
1064 237 1419
95 106 6
678 723 1033
30 258 278
869 688 110
556 849 107
733 220 80
1335 1325 342
372 788 179
536 167 137
301 504 76
411 349 420
213 21 423
1788 1599 2686
241 759 950
871 418 54
309 424 24
1728 2027 409
267 867 69
1019 349 280
172 556 81
830 338 252
660 499 190
534 376 43
114 188 22
1596 1055 2514
888 1043 1837
35 346 350
130 2 146
965 580 1287
1145 1180 2096
200 175 17
1019 986 1606
83 327 381
149 9 11
361 322 37
737 262 864
919 690 1533
331 732 806
157 450 2
399 252 8
47 124 4
728 539 1318
109 120 312
396 84 353
1465 1656 2150
17 136 105
1473 999 2014
425 88 366
1233 1193 1919
975 731 1421
77 319 399
734 591 829
1053 1131 1854
180 520 696
392 248 8
128 148 135
87 444 405
1218 280 1306
1308 578 1964
115 212 485
1458 1207 2479
777 1289 1996
546 143 542
853 753 1450
531 872 1446
76 38 0
63 357 17
135 12 139
495 191 46
411 313 585
33 7 7
410 635 745
352 214 14
306 273 16
93 273 30
1545 799 1929
1438 923 2332
15 85 118
1464 1598 2603
449 722 1256
410 117 432
221 76 0
660 1065 1534
466 603 54
811 500 1011
654 348 38
295 41 22
640 686 1031
292 242 22
230 330 18
37 118 4
650 397 1200
416 282 875
1767 1811 2717
235 741 818
139 4 129
1168 619 1309
923 1186 1568
1400 1250 2340
40 197 7
696 703 1070
115 454 638
115 5 7
703 453 1011
257 290 270
382 704 765
375 101 343
1378 919 2265
388 687 1369
1175 732 1350
47 296 374
931 722 1540
1076 976 1820
369 105 358
499 651 1014
629 365 709
705 562 1183
102 351 516
726 1094 1171
131 78 117
368 485 612
791 303 807
921 459 1442
69 172 348
907 831 1396
1346 1060 1920
1614 1333 2271
369 577 759
400 245 398
853 1004 1565
86 301 326
672 632 918
824 1050 1157
485 792 787
846 594 1104
966 1372 1735
14 226 273
882 868 1362
709 1201 1364
136 18 106
612 357 543
849 808 1270
240 510 743
849 611 937
981 698 1279
39 105 198
982 1075 1412
824 752 1131
1108 863 1686
496 193 1065
420 264 364
950 903 1459
342 571 908
804 387 728
785 579 915
151 353 526
849 733 1112
924 454 967
35 171 290
964 588 1143
921 622 1250
143 5 98
507 76 426
1076 380 1531
241 370 724
720 347 657
1034 862 1468
157 404 572
869 546 850
938 900 1296
83 215 407
690 559 737
1260 1334 1732
65 349 455
860 1055 1250
536 1073 1092
10 106 125
635 183 645
583 104 674
21 32 102
844 630 852
1678 1507 2191
61 214 313
1139 769 1147
1555 1204 2258
58 184 343
1294 1117 1660
978 777 1477
37 118 243
436 530 625
468 631 750
17 71 116
304 104 400
1459 1152 1635
613 196 816
1403 1695 2192
1358 1030 1747
1407 1706 2309
7 135 252
925 775 1264
926 1166 1584
27 178 260
472 525 620
504 723 771
22 137 133
1129 607 1702
450 645 1126
1003 937 1473
918 1193 1746
1284 1205 1855
1272 1012 1844
1032 834 1357
1032 1031 1814
29 104 280
344 515 523
394 651 753
632 373 616
1584 1284 2602
204 607 1094
542 414 514
1563 1539 2763
177 616 872
493 482 62
409 605 1342
1420 909 151
1031 2036 581
164 318 433
407 433 48
944 942 1455
378 62 580
1411 1816 2658
17 112 275
519 128 9
88 139 144
723 147 39
42 21 19
1502 695 272
3293 4203 2112
190 1191 610
246 267 104
1400 934 2155
1221 889 2400
675 77 41
1159 132 217
2629 3368 1555
2377 4257 2163
546 304 522
309 1083 1544
154 27 290
1249 238 138
5861 4895 4478
30 33 43
1015 149 405
279 1492 1152
1170 287 229
271 26 290
111 39 435
484 513 554
3877 6439 4014
14 90 139
42 241 66
3220 4535 3210
632 1170 1408
285 36 435
406 94 21
290 228 121
4268 4890 3848
2160 3924 2741
1151 289 164
233 110 49
405 44 576
19 11 144
2750 2872 2154
69 222 292
864 875 422
1441 1306 1145
1665 2440 1047
123 576 452
182 30 432
809 729 1008
1040 1167 2073
294 140 27
77 10 144
91 114 406
1009 1005 1592
31 83 5
135 32 7
136 49 58
227 243 278
147 182 662
1689 1325 680
615 581 359
353 456 560
1047 1030 362
700 589 204
67 100 419
0 41 148
1174 997 325
369 9 120
12 3 40
757 1385 619
187 478 101
259 320 544
354 653 851
10 26 24
135 117 131
169 150 172
432 216 613
100 55 133
339 368 306
109 127 131
195 231 547
243 241 77
4469 3258 2480
954 2836 3311
8 2 40
88 139 143
806 657 138
8 112 25
1823 243 1061
472 395 1275
4176 5518 4442
980 2211 2107
227 288 15
412 368 65
404 34 268
1487 1334 2331
4430 5763 5860
10 20 151
772 782 498
380 755 1088
720 878 160
250 356 56
2784 3518 5318
2448 1779 1915
482 90 622
937 1220 1505
2661 799 407
1107 993 128
11 40 30
88 280 57
1195 1336 1320
1561 679 2302
1342 1941 1690
411 1134 1316
34 12 226
1314 147 219
2605 2294 800
1320 2222 812
247 606 259
1439 900 1413
2867 1148 3368
997 1002 3351
1265 540 300
1358 351 440
292 190 235
5869 3689 5704
446 1708 2197
3074 1391 827
366 1043 436
3664 4007 4187
2068 3078 3730
56 139 141
2303 1984 902
941 2186 803
1290 911 1791
628 810 508
878 1273 1168
425 368 590
443 446 683
247 164 464
158 370 257
9 90 75
387 131 867
203 287 32
501 944 239
59 148 6
5 3 62
961 715 353
1569 1559 703
351 386 248
7 3 5
54 293 53
88 139 91
1337 611 1747
221 342 247
172 234 676
249 237 411
1334 1103 720
1619 1065 795
1094 1130 675
323 187 155
91 87 389
391 453 188
358 392 193
366 331 637
33 64 40
785 1239 432
66 188 48
403 488 81
236 296 176
82 65 13
412 144 513
176 55 598
482 850 731
109 21 5
297 495 36
387 258 64
1182 1050 339
20 5 12
7 63 25
397 504 585
264 44 256
256 134 524
24 113 274
154 345 514
1151 201 591
4087 2287 3793
1040 1569 1767
276 561 343
1089 1187 730
32 276 241
254 468 415
1479 410 1073
159 392 441
333 280 149
640 759 929
187 84 404
556 403 755
143 125 20
440 790 350
152 349 329
80 31 118
129 3 10
150 43 134
251 143 238
175 132 112
46 134 130
772 798 383
729 421 781
314 248 210
169 108 108
46 129 2
12 87 116
144 38 6
24 38 6
41 135 60
2 141 63
64 19 90
38 136 129
104 144 70
59 107 32
246 19 262
118 115 147
505 632 64
102 29 14
199 182 66
279 458 144
32 165 267
854 145 207
186 360 59
2285 1898 1378
2280 2621 2562
138 436 285
472 122 149
72 148 146
192 793 224
548 310 146
93 74 26
719 721 244
73 119 5
26 1 45
128 91 30
699 681 270
384 652 249
335 292 41
414 436 90
98 244 61
180 126 527
136 114 115
352 424 655
399 302 18
106 29 118
565 732 1190
528 615 861
19 148 146
86 182 37
272 42 232
73 131 130
803 731 863
552 714 794
26 99 112
56 122 25
71 149 114
106 9 56
139 136 19
19 136 19
18 135 19
53 85 95
30 69 60
71 139 12
145 8 132
4 120 124
70 149 100
5 149 100
136 534 175
501 212 170
340 652 28
37 112 147
427 530 112
351 117 447
322 174 85
1182 978 304
519 990 123
278 135 41
137 176 240
9 131 130
203 356 89
367 287 498
92 284 267
182 267 50
386 681 190
472 583 612
59 293 252
258 557 111
57 88 9
45 134 18
102 139 12
14 139 12
127 37 22
110 133 36
430 250 32
256 189 444
817 1083 65
494 935 49
78 38 149
839 526 124
1299 1223 336
777 1264 180
851 858 382
368 119 95
468 665 225
546 253 95
239 238 48
634 712 218
557 270 167
146 168 40
54 264 36
172 72 44
609 663 184
92 273 24
22 133 36
171 76 39
266 535 40
771 446 1165
324 513 882
327 243 51
734 938 83
71 175 10
148 75 143
262 298 572
457 233 88
462 468 734
43 144 145
1076 1003 228
211 314 35
140 154 6
29 122 1
22 80 142
668 566 110
200 536 718
303 396 54
11 132 18
111 39 148
92 136 12
4 136 12
8 136 12
147 86 1
91 129 5
5 128 5
94 426 15
686 510 1162
210 352 25
326 72 39
9 24 13
495 110 587
126 71 7
466 426 15
418 296 568
22 74 142
637 565 46
7 110 1
231 64 8
219 264 441
34 286 290
451 311 32
597 513 78
137 414 48
87 122 1
191 158 284
23 122 1
74 121 1
129 136 145
1 90 134
37 135 144
122 86 1
112 35 141
34 86 1
9 85 1
15 85 1
37 128 5
15 128 5
25 127 5
34 23 13
182 423 12
775 499 1178
384 499 880
132 209 11
111 70 7
250 70 296
15 150 140
830 789 84
114 73 142
869 804 26
27 109 1
606 378 92
393 619 72
264 116 296
76 116 296
125 78 141
254 301 685
199 102 18
211 291 55
64 134 144
3 88 134
118 37 148
32 84 8
120 36 147
148 138 137
29 138 137
82 134 11
25 133 11
27 83 1
13 126 5
23 126 4
268 148 274
485 371 804
169 121 503
590 735 985
985 1253 1647
51 223 384
47 216 2
517 207 697
732 951 1432
493 771 1277
122 33 131
352 253 675
77 153 282
590 319 14
15 119 1
20 76 141
281 264 402
428 534 1134
32 266 288
195 549 548
4 82 7
89 33 140
33 83 1
8 82 1
11 131 11
55 126 4
1 125 4
11 125 4
358 9 357
448 155 631
226 115 503
587 361 895
778 768 1406
144 290 524
996 982 1681
802 806 1485
359 131 411
49 76 141
530 389 26
178 30 30
550 454 38
131 75 141
180 354 0
590 395 876
28 131 144
125 81 7
609 630 128
42 162 14
73 131 11
108 131 11
19 130 11
142 72 137
479 392 810
265 78 611
555 504 704
728 1049 1476
138 222 363
844 1113 1578
76 345 371
786 886 1458
406 517 643
263 234 0
79 234 0
395 208 544
481 557 786
217 428 619
742 656 1164
66 80 7
147 134 136
327 516 674
33 268 272
143 130 11
24 130 11
7 80 0
14 79 0
83 122 4
29 122 4
126 1 118
278 5 590
687 633 933
38 1 118
558 702 948
227 148 242
751 598 986
1147 1250 2058
239 643 935
597 719 1182
305 209 366
21 73 140
742 621 29
41 7 9
762 634 1271
23 129 143
17 67 13
308 430 547
5 133 136
349 358 36
76 79 0
20 79 0
10 128 10
138 68 143
39 122 4
17 121 3
27 121 3
406 260 349
811 822 1200
680 853 1127
904 696 1082
1168 1393 2096
439 751 978
357 219 397
128 314 371
69 7 9
560 498 52
5 7 9
188 390 6
470 413 641
59 220 229
478 496 726
22 136 112
147 233 18
324 90 438
678 625 1103
133 127 10
1 78 0
82 27 139
91 120 3
5 120 3
56 67 142
112 105 120
699 1001 1377
363 102 381
387 269 662
4 33 127
146 72 120
830 863 1329
390 214 362
554 521 859
423 478 849
365 184 341
447 336 575
295 386 488
294 214 317
347 383 535
440 579 835
372 397 415
801 801 1016
677 761 975
590 502 1106
168 243 375
13 123 128
145 105 120
29 105 120
421 301 671
454 192 762
33 253 247
761 965 1376
865 870 1578
31 153 237
790 536 1469
696 430 1198
511 334 797
492 462 824
14 74 117
140 26 130
26 162 241
128 33 122
360 400 662
371 625 713
269 160 250
317 419 520
519 717 1091
12 79 125
109 123 128
23 123 128
65 122 128
11 68 117
27 103 120
10 45 108
816 899 1040
520 554 915
280 93 379
34 62 252
53 136 240
385 252 526
458 272 592
77 118 204
449 339 508
342 305 450
112 103 252
780 748 1004
1110 1247 1635
381 713 859
497 398 600
187 367 483
403 392 625
367 272 466
695 628 1030
405 443 916
43 45 108
26 102 119
507 250 678
619 555 1412
165 537 110
533 474 676
246 118 10
315 288 358
139 297 447
1221 745 192
577 372 537
21 180 289
570 1289 1312
1868 1447 1046
474 367 492
5 23 129
10 123 142
582 747 453
528 349 557
135 201 86
45 438 323
117 256 55
132 62 142
9 115 2
2553 1733 1689
1182 567 343
475 929 1203
1579 1331 2168
117 1113 978
1374 1099 708
496 741 656
514 703 317
383 138 39
76 300 62
172 240 9
763 801 653
270 20 231
1890 2124 3348
51 231 247
4274 5874 3870
89 937 407
958 1048 486
1400 203 527
146 17 135
915 1151 1235
799 1697 1665
123 3 124
2224 3689 1280
827 2305 380
1745 955 2857
1884 464 2395
268 50 277
723 538 1530
12 95 148
201 1083 792
6338 4997 5609
2327 1209 1810
9 106 3
4955 6402 4090
2438 6188 3218
276 13 552
613 783 31
219 698 52
1679 1782 824
3751 7218 3954
195 802 437
1706 78 1461
204 139 1013
580 13 698
360 444 36
559 948 68
56 252 16
2348 3053 1968
1766 1854 1901
201 256 438
831 892 1159
73 268 447
362 30 365
1658 3493 1985
242 302 608
438 578 419
232 10 244
99 21 0
138 252 15
850 252 931
266 291 187
365 149 821
857 1264 894
311 693 569
13 37 56
541 872 200
29 37 0
74 109 177
584 973 934
136 3 130
102 42 5
22 103 3
1024 1214 2137
569 561 662
340 668 963
20 6 40
241 212 93
143 245 63
130 280 40
166 144 144
2587 3117 2480
572 231 110
1185 568 1433
67 92 390
251 209 279
59 137 119
850 468 277
1219 1525 892
22 10 91
108 33 15
213 411 29
1886 905 750
3871 2952 4606
48 106 215
25 8 85
935 1003 829
909 2549 2007
1079 502 149
256 288 22
222 531 36
3089 3138 3841
1862 1340 2024
2123 2077 1840
192 159 164
585 608 105
293 203 148
689 654 148
240 190 109
320 256 77
1420 657 1319
2687 4039 5644
1736 400 1104
1076 1528 1012
22 33 253
1079 521 102
230 50 19
425 667 45
12 46 34
3539 3330 6040
1168 651 687
330 714 1266
159 265 284
3192 1042 749
140 236 125
1239 1272 265
2502 1391 2873
2935 1374 3888
132 137 491
2504 1786 962
833 1226 602
5334 4129 7117
9 85 73
132 50 142
2668 2681 1181
1423 764 440
3810 4157 4696
467 1147 1235
596 374 455
854 502 208
3655 4855 1682
52 402 44
2318 1872 2297
2293 2753 3499
452 372 680
2734 3585 1223
1209 2190 708
149 124 68
656 933 633
761 892 892
368 407 95
187 164 292
115 220 265
387 87 440
621 994 821
193 81 728
453 130 606
644 726 546
105 9 144
813 484 1214
5 4 124
587 524 362
133 150 142
39 43 55
349 101 246
355 854 303
1038 718 367
652 635 299
19 22 17
107 135 8
13 115 4
148 132 111
21 115 5
320 784 730
589 686 620
334 16 355
1738 2116 1016
200 101 119
12 252 96
78 134 146
134 8 1
492 52 7
367 351 428
3989 4333 3352
4424 5916 3577
98 997 779
340 396 9
83 395 9
9 167 429
769 215 800
923 720 1199
256 208 225
5785 5648 5153
286 158 25
12 106 102
772 1304 382
311 1382 1895
277 393 9
461 101 266
127 135 58
627 560 821
413 834 532
142 150 32
283 51 268
176 44 524
558 656 1114
3 127 98
4993 2893 2187
321 915 1541
1232 954 268
224 1398 937
42 14 252
553 277 89
591 449 950
77 121 88
571 240 394
752 842 623
370 333 52
544 929 324
127 11 120
73 94 9
629 781 1487
773 1271 1457
194 36 290
474 137 169
1832 1519 400
129 127 5
532 1252 1104
12 245 71
244 382 873
595 458 436
1203 1008 1253
106 390 732
784 737 528
224 23 406
569 331 66
98 18 429
654 270 458
1270 1105 713
1379 1386 1534
800 928 1517
63 18 137
79 194 227
884 272 191
689 466 102
65 324 109
91 137 11
166 298 290
1174 1460 2294
34 105 90
117 375 90
226 97 140
148 121 55
1381 1424 1733
598 1103 971
1144 1795 1436
748 1215 981
607 1096 548
700 345 415
360 190 180
865 748 342
140 227 68
422 500 200
1031 720 847
841 1073 1665
67 338 73
829 1159 1151
193 503 354
663 383 526
802 293 289
258 374 525
1277 982 423
419 458 160
55 148 30
125 9 10
231 31 18
401 75 45
311 59 36
10 14 8
365 234 65
476 245 41
322 419 69
125 46 13
127 138 39
428 230 90
33 132 28
451 214 148
273 186 62
310 155 80
9 89 21
333 352 197
326 404 105
83 200 52
231 119 128
447 156 106
782 638 395
638 546 270
491 508 339
281 389 171
143 41 39
651 467 472
132 326 212
440 194 230
453 533 351
136 181 213
291 483 385
82 25 43
259 155 271
479 515 435
21 78 77
93 110 156
100 197 238
436 292 178
329 335 95
136 198 57
137 8 34
514 517 234
333 404 92
16 100 23
199 136 88
820 582 311
236 388 115
606 742 473
138 60 71
297 535 416
392 554 305
149 156 154
233 279 165
112 277 162
122 89 83
209 285 321
512 144 106
716 500 248
778 460 277
41 118 29
307 213 137
273 192 70
352 185 190
307 257 200
383 393 179
295 250 172
368 492 216
60 180 124
147 15 37
216 307 158
266 578 240
219 114 97
428 248 237
241 133 140
89 182 108
608 380 193
379 100 49
199 137 43
648 499 232
300 162 48
52 80 22
149 94 49
358 497 194
467 508 113
430 358 248
614 707 314
413 628 239
219 288 118
346 131 139
132 40 84
118 9 7
332 41 35
274 87 39
130 101 146
13 101 146
331 120 33
313 157 44
12 39 11
90 260 0
192 138 276
317 197 52
252 132 40
121 87 142
89 129 402
250 95 57
378 149 53
341 280 694
21 28 134
125 94 25
218 234 76
385 404 584
414 215 675
31 200 261
169 84 270
148 69 138
323 210 540
292 272 552
190 318 15
226 41 260
319 212 544
89 172 284
378 314 16
141 310 44
227 54 268
314 178 548
102 193 292
419 149 93
29 91 25
135 42 135
277 168 539
360 264 682
77 82 268
113 67 138
719 885 60
195 310 45
291 381 447
53 132 276
261 124 30
586 558 173
27 161 11
31 84 142
480 178 112
639 482 246
336 139 151
369 155 159
11 19 12
279 61 166
89 41 134
299 137 375
342 472 579
288 278 442
8 7 98
435 207 514
319 238 559
392 236 559
7 21 101
523 393 883
388 365 750
13 121 250
268 212 425
716 526 866
311 213 547
236 384 580
386 267 525
326 436 584
16 124 149
240 99 30
166 214 395
816 893 276
236 116 28
279 354 80
115 11 7
630 845 308
197 106 36
394 217 240
363 328 208
137 2 6
455 449 381
371 221 335
384 261 383
216 210 252
406 93 411
21 99 143
557 319 681
147 33 10
578 571 486
1156 290 431
315 1049 1020
406 548 373
1459 894 1013
384 609 370
425 316 366
124 40 19
144 29 19
76 276 268
39 121 140
6 142 131
63 149 5
6 139 3
128 136 25
150 26 31
2332 1788 1865
705 53 380
650 1481 1861
404 555 714
728 607 1105
1266 609 650
863 850 623
23 226 283
813 602 417
459 1340 484
504 727 153
518 135 107
218 277 254
387 71 392
385 787 996
3336 799 2256
1279 486 261
1837 3874 3188
1829 1293 1110
50 647 452
39 139 3
427 197 48
5349 4833 5593
1314 2435 2440
1034 360 660
142 57 12
622 612 120
121 237 45
3380 2795 2616
5327 5641 5420
54 573 360
666 588 73
766 985 145
4939 6626 4757
1562 4727 2902
66 2 111
1398 1659 166
364 1019 110
2730 3269 1972
3464 6542 3767
227 1081 471
318 6 333
541 9 777
930 1144 128
570 1430 160
721 1011 356
19 56 10
93 136 147
125 360 431
109 41 7
4 122 23
136 140 43
0 87 133
97 239 46
320 102 258
417 33 204
276 279 70
182 700 151
2246 859 1674
832 534 634
119 132 146
76 143 86
235 103 241
552 244 468
61 137 43
268 375 188
48 146 50
628 74 257
801 1101 308
229 46 205
98 351 66
52 40 66
388 1284 1111
1160 1149 577
2026 502 1231
188 307 1101
64 1 1
553 544 110
4615 3916 6382
195 912 1057
4394 2432 1238
16 358 88
507 691 161
3051 2895 3512
1213 2496 2815
2770 3305 1094
841 2062 613
146 101 60
2421 1732 2114
2448 4720 4816
1559 936 390
2297 4361 1400
2819 3926 4225
149 121 82
1610 1889 2661
2306 2848 828
1356 1098 396
1338 918 510
1820 1112 1435
1120 690 1658
117 54 336
922 1270 1096
168 80 260
576 643 690
148 125 145
112 76 135
158 47 267
729 799 513
854 834 708
809 425 921
364 562 434
60 16 37
31 44 15
576 198 122
766 374 334
273 801 171
361 284 100
221 242 25
124 43 10
125 123 0
426 956 876
101 22 142
1780 569 1793
229 703 78
90 46 311
146 149 132
2532 2431 2206
2783 4189 2795
425 94 763
848 2753 1693
459 432 56
718 1189 170
253 24 20
409 66 92
182 411 58
6003 4965 4529
568 2684 1274
1714 2331 2121
1411 1151 189
27 11 10
17 138 8
254 384 36
117 33 29
264 491 1122
240 543 558
502 555 516
4284 1764 2700
1044 3288 1930
1282 1783 1451
241 137 16
414 592 4
296 740 5
1304 857 1965
828 864 907
73 485 552
3854 3129 1780
927 1813 2021
880 697 594
224 1148 627
476 110 768
60 82 272
17 149 132
393 883 6
2 26 3
44 130 125
999 813 865
443 375 364
103 106 45
284 207 48
276 97 237
313 374 954
616 1057 1368
34 248 140
3510 2983 2999
2239 2573 1389
59 147 136
332 972 431
132 29 122
5 83 114
143 49 131
130 34 208
132 84 97
118 34 15
330 307 38
66 38 145
258 365 648
376 503 619
103 17 56
664 328 502
906 867 727
519 452 38
518 432 881
326 482 221
112 203 423
148 30 122
228 519 258
200 285 665
242 538 680
14 134 12
296 43 98
833 741 443
670 549 339
106 119 3
119 15 32
73 115 51
445 152 446
430 270 410
536 609 549
569 221 274
28 191 405
447 194 165
572 524 165
70 186 294
981 1053 1464
448 367 246
55 133 144
495 257 632
380 529 616
105 116 87
76 280 221
258 311 332
1044 588 348
1864 1114 573
14 6 29
324 182 114
39 75 9
121 98 26
144 50 130
104 33 20
31 47 9
294 83 133
132 654 403
237 299 850
420 856 974
147 48 75
1529 1059 1504
154 500 369
578 624 1233
608 660 810
2277 2472 2508
724 160 465
1451 1674 1094
1226 121 631
595 1586 1629
416 249 426
3188 4103 4157
1800 346 935
2433 1064 1203
190 1306 1269
1216 1272 147
269 78 6
56 359 27
592 139 205
4597 3001 4957
1074 1751 2670
57 591 492
78 574 58
1053 406 216
298 359 152
3584 2702 2953
4680 4910 5317
51 148 384
880 536 167
968 724 265
54 93 45
4862 5036 5161
1182 3625 2829
106 5 228
400 1427 191
1398 993 316
40 16 37
1660 2074 986
570 1385 480
1725 847 3414
1905 238 2030
1798 582 404
853 609 301
369 435 105
133 40 142
281 56 28
18 17 21
359 596 165
411 198 132
53 24 48
846 990 1316
333 261 730
98 218 200
323 344 362
98 218 227
18 38 120
194 254 42
221 8 298
38 87 6
587 1299 931
3 66 81
375 133 372
136 76 474
37 113 8
35 131 46
104 169 200
102 104 131
66 126 147
253 136 226
148 101 195
81 98 73
141 81 32
92 28 27
118 41 2
2 41 2
127 28 102
125 117 84
364 215 365
33 11 88
59 72 81
637 636 534
111 126 376
25 21 36
388 531 508
82 87 72
28 5 79
402 236 451
54 67 113
141 81 277
144 281 20
264 115 89
290 255 82
244 288 150
48 27 27
111 130 61
146 70 40
913 992 890
5439 4020 6590
37 244 404
658 756 149
3241 2408 1176
30 143 35
1999 1722 1758
2775 4620 4317
308 1205 1291
1835 1592 357
2019 3078 908
530 724 338
1274 763 1115
4236 4153 6477
95 150 137
596 134 109
3637 2052 1233
190 296 19
1607 1219 1219
1778 2381 3073
2027 1107 2814
24 62 327
63 298 272
1324 1302 406
678 1009 382
1064 459 428
252 1162 188
288 86 149
868 227 1127
1328 2110 2195
1052 651 1322
806 930 743
782 382 681
757 1051 620
328 706 682
38 13 56
644 967 931
683 716 175
874 936 300
570 230 134
260 184 43
248 51 32
206 234 21
87 56 14
1003 572 758
1590 613 1758
292 282 87
36 282 87
249 72 44
1687 1455 1300
2774 4315 3451
803 2268 1448
741 65 1044
263 10 432
1066 282 312
1504 649 619
41 117 91
3947 3424 3339
54 15 103
34 269 99
753 1739 1597
2243 925 2014
270 4 39
855 705 191
872 620 97
755 1220 338
283 165 180
2547 811 2661
1517 2174 688
1445 2934 1250
1229 377 1986
1551 680 212
759 541 359
441 852 148
2314 1961 1962
1034 2031 441
349 245 428
740 1747 1894
2342 1577 1697
6 92 14
1298 567 1285
52 99 52
1494 727 273
6 274 49
972 714 157
240 26 296
44 47 1
34 13 148
276 113 281
13 150 283
231 162 409
235 164 240
107 12 19
1060 1311 1545
104 352 81
131 14 148
91 390 407
416 122 178
2249 1581 2340
313 158 12
46 238 86
1944 1047 1601
10 76 83
98 240 103
130 12 7
104 86 5
47 74 1
80 124 123
473 500 620
930 872 1620
665 204 545
278 633 1089
975 769 521
735 162 473
355 340 731
759 673 349
885 1730 2005
1271 2293 2170
147 30 22
26 30 22
52 272 60
148 91 20
149 148 18
271 547 86
510 205 711
1683 1186 1745
14 2 80
31 580 543
478 523 488
536 370 459
686 132 738
1694 1596 1580
2922 2707 2151
33 733 346
561 547 386
322 488 70
473 480 53
161 178 15
420 153 517
82 188 134
321 187 144
58 148 100
58 147 5
74 84 276
50 41 8
415 417 568
3 32 148
1395 1727 2030
2378 1240 1623
216 17 56
1432 1674 685
286 886 869
460 110 272
5 122 142
275 545 57
662 552 82
35 46 18
75 276 83
801 243 237
1722 2139 2365
2769 2325 1858
285 224 163
77 184 445
1132 1249 2112
68 478 649
83 244 284
324 477 110
570 464 103
542 100 71
192 551 184
290 345 84
2153 3328 3244
2538 571 1817
971 481 1910
378 821 659
770 877 210
1513 1073 246
432 46 76
535 228 303
2871 726 2125
1979 985 2492
183 196 738
147 1340 998
1117 1396 1372
921 150 201
15 8 8
1562 2070 437
187 814 164
66 13 49
5307 3753 5292
1027 3096 2680
40 15 53
2285 1501 626
585 1143 325
858 141 669
38 30 106
3423 5884 4642
56 835 679
2116 2562 2157
1265 1262 291
1687 2140 567
27 442 124
3223 4212 3859
3342 2582 3845
22 196 274
1875 2406 567
261 759 85
286 56 288
137 7 44
1484 1128 2589
981 952 694
99 124 15
493 775 175
63 253 180
226 274 109
879 921 1008
378 402 268
800 554 1353
160 307 612
383 389 35
1223 486 398
592 147 332
594 616 89
129 749 166
416 291 1199
282 309 289
819 973 1164
62 186 750
647 442 554
567 776 221
1966 1318 673
140 87 15
226 127 71
52 135 12
91 187 71
1906 1536 2364
1766 926 1903
607 974 1444
128 35 80
659 592 519
132 139 82
562 468 434
123 149 312
54 244 42
1549 774 417
1870 1695 607
254 286 79
2022 2404 1983
723 2250 1618
679 99 679
195 158 927
2864 2047 1045
161 286 4
123 233 78
91 143 2
431 158 115
135 90 10
935 1553 637
273 78 88
76 161 83
270 429 151
140 270 262
125 115 107
281 392 736
139 141 132
204 89 271
111 76 81
88 68 33
129 139 24
307 676 200
37 87 50
152 288 143
47 78 59
140 60 50
165 194 121
15 26 65
363 365 615
327 390 483
313 73 635
878 612 1110
177 178 688
54 129 115
61 76 113
129 24 147
128 111 10
135 3 12
5 3 12
79 111 10
75 45 8
37 126 6
78 122 31
4 45 33
28 102 30
110 80 48
1213 1760 1810
653 61 450
148 56 67
83 136 187
519 358 524
210 169 237
69 150 123
769 1159 1888
229 120 833
684 1429 219
832 726 165
340 91 225
558 134 349
461 594 602
4833 3726 6729
285 113 206
973 905 169
3585 1177 791
36 307 118
12 183 100
876 491 625
2055 2993 3755
1185 1313 2525
18 21 170
207 363 360
146 79 5
1576 1566 629
1428 488 489
147 396 47
9 6 46
149 30 64
3151 1154 2361
1498 1772 1293
705 2467 2837
258 267 1367
352 476 91
2928 3265 919
287 29 68
818 528 467
1910 1051 2369
908 193 1355
539 2277 1737
1228 1527 1301
268 275 17
401 18 20
8 6 2
2225 4002 805
264 1637 282
1851 2069 1666
2507 3465 3630
523 419 711
268 524 322
142 252 91
678 411 614
497 212 474
1200 1751 281
529 1614 272
137 56 156
103 40 7
134 23 1
716 194 342
146 96 21
809 125 769
1471 1956 1449
123 559 620
79 91 75
172 293 36
135 135 45
2 126 42
37 119 38
2966 579 2974
1352 626 2609
585 1083 1653
166 256 207
1423 447 451
1248 867 612
354 653 245
522 648 320
79 258 128
2935 1763 2543
704 1500 2491
1655 312 1315
1205 1338 804
14 226 272
1505 866 493
753 1230 678
1132 370 495
135 3 63
252 256 138
560 372 286
2951 3720 5506
823 1446 1178
408 1707 574
162 10 98
356 723 238
1461 534 591
1214 1073 701
256 375 878
1892 1029 1101
366 1532 2581
816 610 430
86 574 575
420 449 615
2618 3612 1715
5 211 162
522 906 1516
1794 830 1065
636 477 321
267 756 661
459 915 1927
768 96 244
1566 1019 788
1397 1560 1007
191 533 244
57 119 251
132 8 96
193 107 200
75 138 103
1078 1007 1661
1296 1840 1993
148 91 44
1268 2072 1726
439 481 287
874 1630 695
891 1902 1267
147 31 78
742 556 687
551 551 410
120 101 115
966 1946 1650
1930 2738 2411
489 707 536
101 589 240
6 167 34
1130 973 857
354 598 356
512 186 316
135 62 128
6 83 32
498 504 205
416 775 580
108 64 94
128 97 110
239 62 94
243 251 113
226 196 251
473 478 428
379 218 260
373 375 378
11 87 70
508 424 660
350 561 528
128 264 356
364 382 467
123 65 246
65 118 110
123 67 110
108 130 135
61 132 136
136 82 141
262 460 562
68 162 282
149 132 11
91 67 14
7 101 15
254 271 106
274 164 109
132 380 292
459 1246 836
145 110 58
147 7 58
117 21 174
383 559 409
157 332 233
578 574 506
10 86 89
137 105 110
420 575 629
301 428 545
257 466 608
387 676 31
236 242 132
123 7 58
1066 950 842
945 1023 1658
33 6 58
461 444 654
519 241 381
692 1050 1393
311 301 369
524 476 676
286 285 25
812 914 280
75 104 298
532 849 357
467 426 151
173 240 66
16 54 13
194 672 484
280 538 436
25 54 59
3184 1455 2759
1591 2191 3307
858 1020 1126
146 134 11
583 903 413
292 169 19
1421 663 531
216 239 86
325 324 158
149 150 56
73 211 199
87 137 81
158 141 156
3 55 67
1919 1439 1531
3323 3629 4443
126 1165 1194
924 401 197
2651 2058 1061
212 602 246
3632 4621 4068
2567 651 1975
286 504 1114
2480 2019 668
653 2101 711
205 102 57
2896 2776 3684
1020 590 1585
426 1002 911
396 405 305
142 36 381
214 12 286
1019 808 99
745 638 338
81 83 50
87 22 13
1024 1007 315
56 410 143
140 98 209
4 133 155
2219 2019 1773
1193 336 634
437 355 927
1647 2200 2987
13 130 143
234 137 284
10 81 142
11 72 280
778 671 115
1260 917 329
368 79 135
734 982 463
375 620 437
34 13 73
146 115 75
66 230 150
13 27 73
2109 1172 1632
1446 2268 4278
866 178 480
14 10 92
108 535 540
132 134 139
1578 3123 808
2113 834 541
2498 1459 2334
304 297 828
1540 1594 1573
986 1979 2179
51 167 259
135 65 3
2806 1997 924
452 596 346
1871 1070 1378
135 28 156
1323 1270 2107
43 144 168
581 622 870
334 420 523
136 134 386
127 126 140
56 78 141
243 354 427
43 53 141
508 135 77
1197 1671 423
149 73 89
365 507 188
597 511 168
1496 2056 1638
659 1079 1167
455 462 364
269 493 774
1938 1435 2235
942 574 1812
138 220 473
611 587 68
179 459 214
140 296 24
787 326 146
702 412 288
21 131 13
25 27 15
1892 2435 2452
1815 3345 3417
130 139 76
907 150 773
22 14 227
11 7 136
786 1634 514
149 139 1
897 246 121
1489 391 242
62 540 155
22 16 75
587 911 502
3828 3748 6241
80 199 444
1258 714 1378
1441 846 165
621 2452 834
1764 1858 2001
1745 1689 2406
2095 737 2984
219 921 622
854 921 697
738 681 388
1113 1587 287
946 1094 315
1050 1123 953
4574 5040 5221
334 687 891
103 19 60
1012 1144 264
1292 2995 521
46 5 0
500 458 197
269 67 43
118 108 52
3037 2793 2665
2548 3558 4253
8 58 136
394 158 22
837 449 86
231 174 42
554 1059 257
67 149 35
715 389 299
47 146 56
302 358 383
177 180 170
193 102 162
1795 2086 1775
2672 830 2187
811 1817 1897
67 45 286
734 681 125
277 213 2
155 211 123
496 20 284
452 548 108
349 341 350
51 39 61
42 134 60
1133 718 1236
1020 1025 1616
17 82 83
704 718 1131
748 1136 1329
772 505 179
360 108 84
177 211 110
2306 2865 2274
813 1816 1037
1317 898 1150
341 438 914
1134 2141 2454
1266 1340 1892
196 16 242
851 289 212
1482 740 525
149 237 145
1571 2331 1960
412 1185 843
1029 792 1052
919 483 1275
2254 2527 2760
20 354 614
2635 2918 1343
4 111 28
182 98 100
1788 1164 1613
50 349 267
483 911 1076
8 134 121
233 200 269
148 34 123
148 21 138
31 29 2
13 141 6
1335 495 2230
68 83 451
46 601 561
140 22 118
217 248 240
420 75 77
30 49 32
166 580 48
1259 939 664
893 704 934
474 425 756
1125 798 1289
140 51 95
108 45 134
226 218 394
127 63 128
637 197 129
300 272 42
427 136 64
102 88 30
109 65 43
84 147 205
214 224 348
29 214 228
283 186 392
178 380 656
1 94 128
243 190 279
124 34 147
174 342 101
10 105 8
439 391 185
174 24 48
787 866 530
41 105 41
365 94 371
444 666 892
29 94 76
306 122 264
346 10 346
470 274 468
84 147 91
64 133 137
137 6 0
19 6 0
146 100 4
143 115 16
31 137 40
103 69 32
45 69 32
266 4 264
341 51 526
523 263 542
15 103 134
120 102 140
575 354 264
1423 956 588
89 2 6
450 578 349
478 431 460
23 149 72
329 372 596
642 869 803
172 186 22
64 5 0
104 49 143
88 144 145
114 269 71
3 123 3
104 50 18
700 922 1116
197 238 313
264 241 20
143 31 6
68 62 12
118 176 225
799 864 701
72 124 64
223 46 49
374 341 309
126 55 99
426 189 408
497 555 754
393 281 233
135 7 75
94 214 262
138 238 374
45 22 120
80 236 304
266 197 22
266 100 10
771 498 341
63 127 278
209 581 439
2790 3727 3336
364 963 675
147 70 20
46 85 78
246 454 909
6 1 85
86 40 15
42 27 25
57 2 13
26 81 5
2136 685 2204
663 740 2229
1178 1337 1630
113 138 135
980 954 513
480 391 213
1265 1610 696
289 253 21
292 79 54
333 286 388
676 564 604
327 368 604
95 287 374
9 43 144
20 94 171
2339 1304 2267
2358 3029 4000
1346 320 272
2928 1743 1465
40 191 185
411 404 199
65 406 231
547 404 330
2060 3293 3528
74 310 667
354 224 390
164 145 523
197 206 10
0 87 6
216 275 22
126 86 35
13 93 15
2880 2104 1295
1092 530 773
82 431 113
375 416 112
1630 1300 2003
193 445 561
887 529 891
138 200 567
640 565 548
91 4 74
8 103 256
2176 1829 660
12 165 82
146 120 23
314 418 328
1108 1060 655
521 264 209
142 3 40
42 4 78
102 187 184
1109 1149 672
580 882 374
280 74 127
166 56 262
3913 4759 4646
1016 116 613
96 88 576
218 1094 1105
3519 2993 1214
851 2171 779
2155 233 1870
733 260 1283
1464 2769 2727
57 209 219
928 1251 1204
1245 1339 405
1705 2945 1002
32 260 183
1153 1261 1100
141 85 64
133 82 57
38 46 81
100 23 125
70 98 208
75 15 54
1029 859 1286
187 69 131
44 259 260
51 21 104
88 144 123
22 132 11
14 87 145
68 106 126
125 115 22
65 146 10
60 132 1
162 277 50
1095 1842 717
1515 1157 1028
3452 3285 5591
306 639 675
5 48 142
554 1222 327
2664 782 918
219 466 374
1142 1352 997
3484 2016 3024
503 236 1304
535 1642 2109
3299 3900 1152
32 276 152
378 291 182
2696 1648 3168
2183 583 2904
18 18 164
257 957 814
342 432 405
1661 2880 608
1237 1864 504
132 146 15
141 15 14
12 72 52
2328 2617 2075
1469 2800 2543
68 307 298
48 108 39
145 292 143
292 238 470
1486 1345 542
210 95 132
71 112 40
112 140 60
108 228 248
358 423 674
492 284 648
109 146 117
62 39 115
93 122 111
252 232 12
430 413 49
871 728 661
254 181 23
47 11 146
81 108 39
519 485 398
583 552 487
316 100 147
123 146 71
279 501 780
574 859 776
35 42 177
105 210 389
94 16 112
88 56 20
59 32 10
22 1 0
80 33 37
138 60 22
64 73 8
64 26 0
8 22 38
49 12 110
199 181 212
267 123 410
11 112 124
72 14 128
143 61 132
124 7 135
46 146 139
148 123 133
26 39 137
143 57 144
15 10 146
131 113 148
672 904 542
222 406 73
149 71 43
301 402 85
147 41 10
26 41 10
2039 1995 2124
22 58 17
15 12 19
131 114 22
103 17 52
71 121 118
14 19 137
71 126 15
84 69 7
52 68 7
104 22 11
14 22 11
103 10 22
42 127 39
132 297 167
122 37 152
141 116 55
506 682 664
132 118 94
107 63 110
396 91 639
706 178 181
530 288 846
462 253 849
2045 1027 1423
1382 742 852
402 55 278
1047 1739 1598
66 378 315
789 988 1365
496 184 84
15 58 47
270 185 710
472 345 985
1167 506 672
1004 590 505
502 54 254
1034 1300 1129
540 802 595
44 132 77
148 36 142
30 41 287
143 123 148
18 123 148
34 274 45
1170 695 321
304 489 165
253 279 119
538 100 147
99 125 85
127 138 66
127 36 66
120 32 83
98 13 103
2 81 130
53 27 39
135 94 48
225 374 192
132 112 232
208 178 297
105 197 157
190 140 180
157 155 212
371 480 677
171 354 33
228 152 296
137 100 71
647 833 598
2220 844 1113
143 806 488
12 20 59
100 63 149
211 187 183
72 6 131
555 401 79
671 248 97
235 201 288
347 391 534
523 478 890
39 23 106
1491 949 391
185 684 675
354 1448 1373
377 134 36
235 1178 1052
30 45 233
2052 2669 2884
1273 217 1037
184 166 830
537 401 52
121 125 147
556 321 93
428 451 526
132 416 211
365 6 30
160 60 78
804 916 765
161 261 410
231 234 262
56 201 267
2434 1002 2809
1593 981 2624
1845 530 392
2392 1135 1250
96 137 80
93 348 301
520 215 446
1539 1488 3210
137 143 93
750 988 985
15 46 103
522 427 1240
540 224 111
2589 2073 1376
577 895 676
520 598 482
557 925 685
3141 3378 3848
1467 2770 2976
3087 2742 1422
2223 2370 1286
1280 1080 1130
1797 3006 3259
276 542 875
10 67 1
397 322 52
965 1291 563
41 38 116
126 94 135
44 85 29
95 44 16
120 52 22
1 52 22
127 91 148
32 2 34
63 87 133
132 91 4
112 129 149
3 89 134
50 43 119
316 315 328
13 20 15
175 187 29
83 127 149
252 190 265
15 15 14
193 167 28
29 25 118
1005 2756 3023
635 422 591
359 452 106
1802 2234 902
110 46 20
213 258 211
249 304 326
12 85 112
191 148 288
2393 3253 2670
804 127 548
319 200 740
1206 2665 2388
23 108 145
1300 1715 366
2812 946 1074
769 413 437
264 264 16
512 156 378
837 440 832
1290 2110 1844
132 147 108
1058 1220 1714
5 39 136
754 854 229
397 174 145
1605 1853 624
106 146 6
1290 1027 1480
359 415 217
206 63 114
210 265 220
880 559 502
1453 899 1577
519 367 1303
445 526 485
1136 2204 2118
1819 1402 291
26 128 142
311 715 336
160 403 149
34 110 144
590 148 392
119 73 324
918 1748 1493
44 205 224
748 798 577
240 329 566
16 136 127
528 531 394
992 417 1005
12 134 110
132 140 8
330 337 428
52 130 14
245 91 10
27 27 31
235 212 238
729 820 1111
116 15 110
111 212 409
82 146 5
22 145 5
42 21 1
635 323 506
21 82 98
157 191 142
