235 212 238
635 323 506
157 191 142
729 820 1111
21 82 98
116 15 110
111 212 409
82 146 5
22 145 5
42 21 1
192 1272 521
4873 7117 2751
4271 3516 1407
6612 7576 3020
1868 1392 543
2164 1825 815
1081 4077 1566
210 1714 717
1438 1213 744
3079 2479 1720
4605 4294 3157
5938 5921 4661
280 254 151
2016 2347 1775
7640 5893 6522
5378 5134 6292
4405 3694 5651
3034 2160 4269
9859 9274 9634
924 1296 2004
180 148 654
67 85 502
130 292 606
300 441 198
3217 2795 2663
3336 3506 3156
3404 3156 3080
2243 1613 1568
2682 1920 1735
1502 1202 1162
2049 1340 2632
2547 1889 4403
2475 2067 3920
4014 2868 5057
3926 3028 5613
649 449 1270
3391 4391 3196
2141 3125 2421
0 21 89
1871 2118 1627
157 78 803
1276 1604 1276
1 5 80
342 1140 999
2199 2874 2176
53 21 282
2024 2630 2093
340 1740 1390
1 3 104
864 2056 1700
749 2400 2030
328 1226 1032
1414 1496 900
613 683 381
411 384 205
1309 1316 758
1604 1868 1207
1169 1388 924
149 2 84
5703 5274 4810
5599 5178 4547
3854 4304 3527
683 78 641
130 17 180
34 4 168
1259 1232 2466
1450 980 2109
1634 930 2140
57 18 264
1604 1101 1732
5688 6010 5981
416 434 241
1456 2655 1499
2110 3424 1849
5061 4511 4771
32 8 166
876 861 2155
815 1996 1179
283 286 174
48 370 215
737 596 1621
180 520 318
137 136 83
7 127 78
1215 2461 1430
2207 2057 1234
3077 3118 1989
3835 4039 2730
436 36 433
409 35 271
462 60 368
494 1254 763
20 126 77
6071 7130 6974
5398 6221 6434
684 7 567
4976 5709 3933
659 271 1671
404 432 275
302 387 1126
123 161 463
8 1 81
3678 3989 5604
140 150 92
1785 2427 2237
276 888 424
4253 4590 5462
12 48 178
5420 6844 5874
304 187 667
185 96 547
1709 2065 3556
325 438 208
17 17 85
10 150 72
6825 4394 5117
7996 5794 6508
8499 7356 7525
6644 7223 6531
5803 7452 6441
4112 7128 5977
6788 3165 3956
8134 4461 5078
9290 5826 6351
9364 7035 7277
8400 7516 7379
5790 6682 5959
3428 1565 1629
5548 2687 2748
6833 3935 3763
8056 5305 5049
9330 6722 6468
9049 7839 7573
591 415 266
2751 1653 1341
4572 2815 2382
6247 3715 3139
7719 5459 4772
9150 6527 6234
9231 6981 6948
850 622 387
2537 1835 1251
3642 2538 1817
5487 3612 3013
6588 4779 3810
149 123 70
556 459 274
2019 4816 3477
1218 4312 2943
285 1905 1122
24 364 193
4 134 72
4140 1605 2451
2124 4798 3845
1155 3467 2739
455 2184 1555
108 1109 723
434 37 205
2052 482 909
4153 5826 5471
2624 4569 4282
1393 3387 3035
593 2341 2051
140 1037 1197
747 1037 437
6686 7243 6931
5237 6163 6474
3314 4322 4457
2004 3151 3488
1002 2061 2578
534 921 1667
158 251 739
7045 6592 6497
5929 5339 6131
4185 4325 4995
2698 3365 4201
1754 2004 3066
7438 6298 5629
6621 5539 4992
147 12 69
288 63 159
1992 456 1044
3241 975 1743
150 3 64
264 1023 420
623 730 300
561 730 300
753 1050 448
929 1308 536
329 745 315
3 143 59
901 1752 736
148 148 63
276 296 126
394 426 177
639 705 295
120 146 63
82 146 63
14 63 205
1 10 64
965 1788 799
695 1192 528
137 149 66
909 968 1921
680 652 1499
130 292 120
102 295 124
124 740 310
63 444 185
102 592 252
561 1456 618
440 1278 531
152 730 315
39 150 67
859 1350 603
554 750 335
517 1475 656
265 296 132
516 574 252
37 450 201
8 150 67
397 861 376
380 1136 496
290 157 128
1736 930 840
5194 2692 3018
5652 2822 3547
8257 3627 5160
562 319 258
6288 4466 6079
5416 3331 5396
2354 2223 4162
1437 1563 2848
468 717 2388
1328 1413 2784
94 76 397
2029 2582 1246
1568 2844 1460
429 437 221
641 715 371
1651 2141 1071
62 689 345
1176 3015 1551
34 568 311
285 1232 604
273 17 162
396 15 237
6509 5385 5758
5980 4973 5178
7802 5592 6412
6776 5350 5612
6257 5124 5019
6783 5554 5449
6722 5393 5455
6846 5883 5765
6652 5441 5300
7786 6071 6375
6747 5434 5300
7596 5930 5999
6333 5661 4916
6840 5693 5290
6573 5714 5209
6095 5511 4479
6699 6111 5291
7190 6276 5734
6718 6441 5645
6158 5972 4867
6711 5955 5135
6967 6188 5509
5969 4601 4038
6710 5231 4555
6601 5584 4779
6572 6304 5519
289 258 147
284 268 144
275 268 142
285 254 134
630 107 826
488 45 711
838 3173 1981
320 27 546
472 2111 1262
436 1778 1057
665 2679 1708
515 2238 1478
624 2606 1898
544 2487 1786
520 2403 1858
497 2169 1789
459 2215 1696
436 2071 1651
433 1871 1608
491 1992 2026
362 1684 1471
368 1550 1479
452 1596 1701
512 1761 2066
485 1458 1702
561 1342 1795
614 1232 1711
555 1333 1819
1176 1268 1989
766 1274 1919
949 1279 2257
681 934 1590
5525 5582 4476
6115 5725 4834
5584 5866 5008
5210 5672 4381
6498 5022 6839
5374 4319 5042
817 103 473
615 2075 1367
539 95 265
701 67 394
431 54 205
147 18 73
405 399 214
1479 2680 1414
286 257 133
798 1485 846
1720 2822 1494
1032 1784 980
2310 3160 1570
1446 2256 1203
185 934 480
2332 3138 1524
1646 2261 1172
1301 1774 967
1305 1667 907
1641 1941 973
1282 1456 784
1182 1340 730
1121 1176 636
888 903 487
788 781 418
1256 2553 1387
963 1061 1925
931 940 1885
938 927 1680
1014 882 1993
1174 3789 2635
806 2706 1838
570 685 380
820 118 461
878 999 525
932 1984 1059
911 933 485
543 566 296
938 2321 1234
141 134 76
1327 2549 1338
3 140 80
15 269 142
33 403 208
60 494 257
51 413 240
1720 2503 1349
289 1462 730
254 1205 658
140 715 420
419 1425 774
509 1673 910
551 1748 958
591 1464 818
833 1902 1042
957 2156 1181
596 1850 1058
528 545 315
946 964 472
394 409 222
1707 3036 1653
418 431 199
148 33 104
1015 92 594
364 1007 562
669 1864 969
45 437 234
277 286 162
1122 2396 1246
1207 2614 1368
1162 2810 1553
1413 2693 1497
411 408 221
1641 3389 1818
802 942 523
640 707 395
242 689 382
512 156 378
880 559 502
590 148 392
748 798 577
528 531 394
837 440 832
1453 899 1577
119 73 324
240 329 566
992 417 1005
1290 2110 1844
519 367 1303
918 1748 1493
16 136 127
12 134 110
693 69 548
5837 4973 6791
5435 4169 6155
5360 3784 5334
4310 3099 4123
4599 2947 3781
4881 2507 4281
4028 2200 3187
3694 1810 2712
2545 1168 1486
2121 804 1132
1348 533 754
4044 4027 4277
4275 3454 3965
3666 2242 2737
4405 3508 4066
3124 3185 2901
5050 3522 4267
5582 3276 4703
3819 2176 2619
3617 2041 2489
2294 1337 1419
2058 1109 1196
1065 566 563
1099 663 596
406 290 219
283 206 146
418 325 243
5725 4491 5359
4799 3565 4483
4076 2724 3130
5070 3285 3762
287 2 144
289 22 171
405 33 240
466 20 304
7540 7792 7012
856 32 604
7169 8697 7232
6396 8644 6911
5316 8174 6601
4208 1918 2394
5274 2727 3061
5863 3672 3483
6859 4210 4032
7362 4885 4674
8207 6060 5491
8924 6974 6291
8875 7569 6709
9426 8024 7363
9562 8270 7646
7980 8553 7535
855 686 406
2216 1612 1125
3343 2434 1756
3821 2903 2011
4400 3597 2363
4386 3474 2383
6583 5742 4200
6815 6290 4564
7308 7337 5633
6821 6682 5136
417 395 206
562 500 251
132 147 108
445 526 485
44 205 224
132 140 8
125 52 523
206 993 778
502 1783 1516
588 1793 1545
1395 3152 2763
1341 3064 2990
1546 2804 3139
2371 3639 4456
2223 3254 3523
2086 2504 2677
2662 2760 2981
3565 3824 3919
2 110 75
17 232 202
97 570 622
249 1317 1302
411 1340 1421
1071 2006 3030
1344 2186 3241
1639 2236 3002
2154 2499 3388
2595 2604 3354
3609 2868 4215
3705 3037 4138
4536 3208 4519
4514 3260 4218
5444 4015 5158
4909 3654 4664
499 565 1578
1093 997 2173
1712 1409 3120
1466 1236 2732
997 48 997
973 227 1541
408 57 692
8194 7296 7193
240 1751 1022
7 4 75
26 418 204
2727 787 1519
3107 1112 1767
4297 7318 5846
3551 6717 5237
2615 5419 4314
2017 4616 3901
1461 4108 3409
999 3281 2882
551 2240 1948
272 1498 1322
144 797 939
43 189 428
17 30 123
7444 8020 7375
6409 7837 7766
4850 6412 6117
4536 5033 4987
3673 4060 4301
3288 4021 4361
2004 2830 3358
1591 2238 3124
1439 1419 2532
1340 1375 2424
7038 6846 5511
7667 7560 6743
1058 1220 1714
1136 2204 2118
330 337 428
739 3132 2545
1023 181 800
902 88 667
283 34 186
1851 1719 1325
1445 1145 958
2211 3354 2661
2097 3325 2579
3018 3458 2745
3815 4040 2898
3418 3301 2390
2601 2094 1609
837 226 474
148 31 77
4105 5629 3715
2122 2858 2322
769 500 625
498 1172 1104
1008 1938 1603
1715 1515 1129
950 765 575
288 265 141
3105 3719 2874
17 29 228
52 68 314
139 101 444
237 249 897
417 460 1121
1162 1123 769
2158 3767 2967
272 286 170
2156 3446 2697
6427 4577 5234
1166 3432 2324
6689 5526 5863
571 2793 1594
102 8 152
125 1188 637
1901 455 1058
147 150 66
118 149 65
714 882 382
255 447 195
222 296 130
192 444 195
108 294 130
384 438 195
660 856 380
547 1148 508
849 1347 621
916 1758 803
1234 2089 896
862 1686 756
149 142 64
137 147 68
144 147 68
266 292 136
823 910 1875
460 611 1498
5 39 136
1819 1402 291
52 130 14
4329 3764 5525
307 989 761
508 1548 1236
1913 1908 1529
1481 3115 2281
2124 3801 2704
28 269 189
80 614 497
160 1074 734
533 1894 1238
1014 2788 1840
1673 3534 2386
2485 4050 2828
1453 837 692
35 500 353
43 130 155
181 265 341
941 461 594
1269 1169 1025
2065 3284 2614
2765 3525 2849
3828 4578 3445
193 854 770
3287 3766 2760
2694 2517 1944
2478 2283 1672
2354 2296 1672
1751 1695 1264
1533 3553 2935
742 796 599
2549 4425 3500
263 1172 984
1536 4358 3113
6143 4414 5366
899 3273 2156
402 77 234
931 170 524
6812 7200 6672
46 150 66
51 447 195
37 298 130
4 148 65
50 294 130
44 438 195
17 283 125
776 1564 712
532 1317 608
321 733 340
320 876 408
402 438 204
256 290 136
754 854 229
26 128 142
245 91 10
147 23 80
280 51 151
679 98 365
60 146 62
1419 273 776
393 873 408
970 181 824
1671 1965 1639
1229 1401 1169
996 2289 1713
137 104 97
1844 1336 1072
3339 4178 2977
582 306 256
1 57 74
49 309 303
472 1456 1221
956 1895 1636
1385 3070 2396
972 2559 2139
1915 3456 2731
7 189 193
20 207 203
293 282 193
397 174 145
311 715 336
27 27 31
109 146 62
1415 1967 1624
1605 1853 624
160 403 149
226 801 617
106 146 6
34 110 144
147 98 92
1290 1027 1480
359 415 217
206 63 114
6086 2123 2439
9673 3794 5069
989 403 347
7126 2452 2949
10241 3916 5877
3669 1206 1506
210 265 220
1637 1751 2917
62 90 349
5947 3214 4712
1272 1339 2438
704 1043 364
97 227 807
8406 4105 6211
8694 5450 7867
6680 6050 7659
4521 1456 2339
6952 2670 4043
8013 3764 5335
7678 4831 6020
5371 4729 5607
3806 1159 1781
5895 2266 3088
6524 3031 3648
8351 4759 5988
5990 4468 5741
2992 844 1280
5427 2013 2724
6611 2811 3637
7244 3956 4651
6351 4504 5513
2254 779 1024
5564 2136 2952
6773 2945 3851
7925 3798 4946
7410 4402 6023
1556 686 672
4211 1782 2071
6116 2495 3182
8154 3774 4918
7386 4053 5573
841 422 338
4148 1926 2157
6601 3023 3805
7816 4134 5292
288 294 94
1022 1344 462
1019 1752 564
423 444 150
520 1959 1789
187 896 751
1334 172 768
2688 3639 3879
1335 2698 2982
377 1413 1292
36 426 327
822 104 374
3140 3679 4225
1297 2305 2690
342 1205 1240
15 289 250
148 10 65
3567 3575 4483
1766 2569 3214
508 1325 1637
32 380 443
2284 4388 1844
4609 4111 5878
2300 2756 4067
838 1521 2237
154 463 862
2109 3026 1409
4687 3743 5412
2843 2361 3768
1240 1572 2624
251 454 1059
34 53 244
5127 3794 5512
2800 2595 4274
1159 1510 2884
278 403 1134
384 1482 498
45 446 152
355 1327 454
146 146 70
574 45 305
102 149 74
1765 2290 1020
1137 1864 878
1496 2574 1180
430 423 192
1184 1256 554
1527 1806 798
1909 2500 1102
3038 4464 1757
1735 3404 1467
430 403 179
1046 1064 452
1417 1613 706
1922 2427 1033
3162 4520 1854
288 274 124
496 1520 730
1354 1501 692
1840 2264 1002
15 278 131
1876 3240 1488
142 141 62
939 949 434
1449 1624 756
195 1076 490
2187 3228 1462
1590 3157 1526
546 568 282
1139 1267 617
276 1030 498
190 588 288
102 854 374
9 144 70
1164 2997 1332
646 2078 902
349 1554 690
106 820 358
5 278 102
1159 2830 1222
710 2153 936
371 1616 710
205 1488 611
26 412 169
649 1966 964
530 564 288
404 1632 744
165 1068 483
1319 3063 1402
787 2288 1060
373 1641 777
1800 2336 1106
28 393 186
908 2236 1118
618 2067 1015
445 397 147
6577 6227 2884
9143 9514 4146
435 422 153
7358 6903 3172
2421 4434 2426
7205 12382 6083
2170 6697 3622
871 2686 1410
8668 11903 5613
1773 6091 3593
11258 11701 5433
436 398 143
8068 7353 3404
10851 12123 5619
1697 1483 547
4190 4071 1882
8883 4393 3139
9113 7104 5466
4936 2326 1669
11829 7071 5631
1162 556 364
2397 964 918
99 823 492
6167 12134 5820
1315 5187 2639
22 220 147
4907 10796 5192
866 2689 2090
2521 4706 3630
4222 5293 4255
6087 2793 4649
5073 1167 1692
9342 2517 4032
438 142 131
9968 2431 4090
1210 923 1623
1949 3500 1171
1812 1432 2592
32 42 222
4702 2367 4086
207 345 983
522 1159 397
3699 849 2306
3589 904 2698
1212 239 555
2180 375 1017
2533 394 1168
652 195 620
565 576 183
2271 2887 947
1666 3436 1080
1581 1743 585
104 126 515
5751 6386 3047
1840 740 2351
711 343 1068
220 163 667
3006 3184 1474
752 2884 924
43 577 189
179 1148 415
1593 5098 2695
413 2392 1376
5722 8097 4157
568 563 228
1540 1622 607
3 90 61
3388 3735 1862
41 511 317
5197 8796 4160
3821 7966 3765
23 261 160
2119 1837 959
4530 3749 1935
10166 8486 5093
568 487 233
4422 3914 2141
2863 3236 2088
913 992 890
1999 1722 1758
1274 763 1115
1607 1219 1219
288 86 149
1003 572 758
6261 8608 5994
3789 5989 4245
547 1690 1630
7669 9484 6310
5020 6466 4937
162 292 369
5439 4020 6590
2775 4620 4317
4236 4153 6477
1778 2381 3073
868 227 1127
1590 613 1758
4771 5475 6439
9671 3622 4999
9382 5602 7026
4176 1126 1768
10859 4193 5607
8255 5412 6896
5424 1602 2331
11480 4406 5749
6926 5042 6403
6860 2102 2970
11823 4779 6339
5936 4687 5968
7941 2387 3221
11501 4835 6371
5266 4668 6150
8451 2703 3600
10638 4802 6543
2460 746 908
9133 3048 4103
9583 4548 6149
3497 1098 1359
9702 3705 4820
8057 4443 5824
4349 1492 1703
10023 3723 4631
7755 4409 6307
5169 1786 2004
10101 3956 5004
6969 4269 6127
6858 2286 2912
11361 4243 6156
720 295 261
104 440 507
8022 2805 4102
146 64 55
1890 616 681
7635 2125 2912
7377 3308 5418
2538 972 1190
37 244 404
308 1205 1291
95 150 137
2027 1107 2814
1328 2110 2195
292 282 87
390 365 1039
6481 2988 4665
3826 1903 3097
598 711 1767
1 7 61
171 196 731
2075 383 923
713 2152 2270
3350 4358 5115
297 1276 1311
2481 3679 4392
77 576 533
146 5 49
1914 3059 3735
15 258 222
446 40 152
1350 2338 2955
1033 200 370
982 1935 2594
4328 3878 5288
680 1525 2179
249 447 135
3648 3597 5243
392 974 1576
932 1500 480
2741 2888 3985
239 556 1050
258 298 96
2196 2453 3595
128 266 611
197 600 200
1927 2011 3546
52 47 333
5790 3751 5442
658 756 149
1835 1592 357
596 134 109
24 62 327
1052 651 1322
36 282 87
1216 1409 560
2774 3511 1305
2592 5075 1845
1478 1581 600
2238 2847 1187
306 1148 484
146 300 90
630 750 240
292 300 96
967 1192 384
141 149 48
940 1196 396
874 1327 429
3241 2408 1176
2019 3078 908
3637 2052 1233
63 298 272
806 930 743
249 72 44
462 1500 480
25 298 96
460 1634 522
68 598 198
395 1955 757
73 692 251
523 2273 949
31 580 250
2095 1522 734
9607 7179 3562
9101 10130 5019
6460 4454 2225
12515 9763 4729
1030 730 293
30 143 35
530 724 338
190 296 19
1324 1302 406
782 382 681
4443 8892 4888
650 3033 1591
2336 5747 3093
16 263 182
503 2663 1500
678 1009 382
757 1051 620
1064 459 428
328 706 682
3753 439 1354
5615 838 2697
723 103 215
5935 803 2606
3057 774 2417
1910 250 698
252 1162 188
38 13 56
644 967 931
745 439 1434
5509 7220 2430
1919 666 1954
53 50 278
5705 8727 2593
2803 2868 912
683 716 175
3057 3120 1135
37 758 238
3372 9264 2884
4846 5468 1910
7 363 129
874 936 300
1039 4961 1819
397 2488 804
5457 8564 6736
10192 5995 4745
7887 8430 6396
7274 3853 3007
10785 8355 6400
3534 1656 1307
12321 7645 5821
6054 8222 6291
9632 5350 4059
8817 8097 6062
6319 3102 2386
11775 8027 6044
1456 666 499
11522 6603 4932
7222 7917 6047
7534 3916 2926
10180 7813 5922
4185 1947 1475
13140 7757 5970
5665 7695 5881
9682 5069 3724
8750 7574 5680
6576 3118 2346
11764 7506 5689
1902 873 618
11470 6229 4852
7154 7423 5805
8133 4010 3054
10258 7329 5691
4168 1836 1455
12638 6858 5016
6383 7131 5246
570 230 134
260 184 43
408 2505 1863
1525 4545 3444
3321 6627 4943
34 596 419
635 2807 2098
2053 4965 3707
4254 7285 5395
183 1321 998
1150 3908 2908
2983 5829 4431
589 2526 1874
1959 4451 3428
4247 6616 5138
164 1245 978
1226 3357 2631
3181 5444 4173
47 321 316
248 51 32
206 234 21
776 36 348
1144 80 674
607 52 684
750 26 342
1203 49 696
150 2 55
742 24 348
9572 13888 6489
3331 2571 1299
9506 9282 4439
10065 13828 6561
2979 2294 1120
9026 8672 4119
10412 13621 6433
2313 1734 885
8268 7926 3797
10829 13560 6527
1452 1122 534
8499 7855 3784
11283 13332 6356
879 754 305
8021 7251 3397
11503 12963 6093
589 525 198
7575 6872 3229
11144 12632 6037
293 275 96
6459 5719 2532
11333 12448 5965
865 810 320
7194 6895 3349
10927 11571 5425
87 56 14
142 2 120
3397 10890 5460
11554 11998 6011
7333 13947 6760
7396 6437 3160
11647 13744 6595
4952 12858 5898
9570 8999 4152
9479 13556 6199
4166 3264 1603
11176 11214 5317
7513 13337 5970
6486 5467 2475
12311 13229 5945
5703 13166 5871
8593 7623 3393
10536 13079 5849
2870 2156 941
10476 9691 4278
8853 12846 5612
5010 4100 1787
11398 11504 5190
7054 12809 5758
7081 5948 2584
11747 12803 5927
1016 886 338
9006 8155 3660
10190 12584 5711
3347 2710 1150
10555 10104 4579
8269 12538 5804
5998 4922 2152
147 148 52
1361 1207 547
363 439 153
4465 2398 4366
836 368 756
592 409 1057
167 34 345
3 7 61
3298 9939 4835
156 30 348
8620 12504 6370
573 34 623
84 12 278
3944 11231 5137
664 4531 2059
4201 11270 5147
763 4949 2265
4660 11929 5684
932 5633 2682
5028 12311 5857
1107 5595 2683
5488 12488 5967
1311 5989 2918
6 158 109
5762 12733 6250
1481 6331 3185
29 503 331
6688 12544 5910
2048 7059 3462
63 574 391
6136 12395 6365
1899 6243 3309
167 1196 746
9422 13921 6838
278 9 315
209 2152 925
150 85 56
1784 7493 3506
3 146 54
1293 876 486
621 4547 1972
3366 10388 4849
176 2358 1038
1918 7809 3496
1014 5456 2454
4101 10797 4772
433 3209 1383
2705 8852 4093
77 1385 694
1682 6798 3133
5269 11842 5491
861 4563 2192
3704 9898 4659
296 2533 1295
2242 7616 3742
3641 3175 2084
3897 3787 3189
5913 5202 4132
1046 664 2939
1715 420 2324
811 964 644
8828 8897 4727
8216 12562 6305
3286 2554 1413
8341 8347 4454
3411 2608 1409
597 4330 2075
4120 3214 4889
921 841 1429
419 294 793
702 703 537
2982 3607 3810
1521 1111 2029
3428 2702 1518
467 3816 1749
582 4316 2101
3355 9687 4677
8412 8255 4331
125 215 683
1830 2631 2068
149 37 70
1073 2324 2668
21 6 138
22 148 108
436 1052 870
958 1077 805
1339 1371 3471
61 484 543
2069 2256 2418
18 23 243
4615 3916 6382
3051 2895 3512
2421 1732 2114
2819 3926 4225
1820 1112 1435
426 956 876
482 980 836
145 766 661
1140 2260 1764
1342 2466 224
1034 621 1548
195 912 1057
1213 2496 2815
2448 4720 4816
149 121 82
1120 690 1658
101 22 142
7168 5660 4032
10520 10696 6899
6934 11005 6515
2938 8182 4563
9419 7962 5115
10120 11390 7165
5404 10556 6160
7115 4981 3166
10292 8935 5595
9018 11409 7062
3309 1942 1359
8015 6033 3854
11085 10103 6321
7592 10831 6546
4716 3059 1933
9263 7338 4572
11275 11341 7291
6510 10846 6756
5716 3989 2369
9783 8215 5021
10073 10796 6833
1704 1267 680
6733 4996 2917
10768 9407 5693
8645 10801 7014
3198 2643 1405
7756 6245 3692
10735 9927 6229
567 490 226
4960 4161 2290
8926 8306 5093
149 132 61
142 400 26
8 13 177
4394 2432 1238
2770 3305 1094
1559 936 390
1610 1889 2661
117 54 336
1780 569 1793
1941 6752 3824
159 1457 667
1547 774 656
5377 3460 2513
768 3698 2019
12 403 173
1666 839 727
1852 6070 3359
272 2271 1159
4366 9258 5479
1371 5222 3103
49 996 501
3394 7825 4727
836 3727 2359
2649 6637 4178
483 2557 1733
5391 9474 6106
2074 5448 3572
270 1184 1014
4518 7877 5322
1549 4171 2958
115 615 608
7138 10255 6901
3272 6473 4743
933 2424 2103
9545 10424 6990
176 171 1
16 358 88
841 2062 613
2297 4361 1400
2306 2848 828
922 1270 1096
229 703 78
45 223 252
272 292 230
507 691 161
146 101 60
1356 1098 396
168 80 260
90 46 311
39 276 224
1338 918 510
576 643 690
146 149 132
461 594 602
876 491 625
149 30 64
818 528 467
1851 2069 1666
809 125 769
17 138 2
7398 5644 3342
10393 11893 6595
3089 2018 1245
11698 10208 5766
6819 11790 6618
8603 6526 3716
10202 11639 6380
4157 2741 1523
11915 10348 5459
6382 11392 6027
8549 6481 3417
9896 11174 5641
4154 2766 1353
12118 10176 5201
6538 11028 5560
8844 6412 3230
10334 10898 5396
3832 2520 1219
11141 9202 4707
7076 10763 5313
7786 5489 2699
10848 10731 5398
2710 1780 862
10877 8587 4232
7409 10682 5529
7718 5454 2833
11392 10529 5314
2036 1297 607
10915 8448 4374
7803 10497 5539
6344 4400 2219
11623 10407 5494
148 125 145
4833 3726 6729
2055 2993 3755
3151 1154 2361
1910 1051 2369
2507 3465 3630
1471 1956 1449
1450 6377 3532
3551 9878 5470
102 1582 763
1122 5196 2813
3034 8722 4512
47 1049 499
976 4835 2525
3041 8277 4020
56 923 469
1087 4549 2231
3431 8416 4359
114 1694 862
1340 5254 2649
3893 8908 4510
202 2053 1080
1488 5220 2804
4295 9214 4758
270 2086 1161
2019 5978 3089
112 76 135
285 113 206
1185 1313 2525
1498 1772 1293
908 193 1355
523 419 711
123 559 620
666 53 586
856 28 336
977 48 612
549 16 200
1203 39 586
146 3 48
1147 25 482
698 25 578
884 14 336
967 21 576
552 4 192
1227 12 549
150 1 48
11671 12377 4429
7317 14824 5368
7558 7380 2581
10163 14748 5338
4168 3685 1361
13049 14659 5208
5547 14593 5038
9530 9701 3288
8405 14538 5089
6572 6052 2145
11180 14496 5266
2870 2412 880
11989 12921 4717
6372 14398 5373
9346 9044 3274
9268 14318 5296
5256 4671 1718
12846 14155 4715
2437 7903 2902
158 47 267
973 905 169
18 21 170
705 2467 2837
539 2277 1737
268 524 322
79 91 75
5749 13603 5549
95 20 250
8334 13548 5619
232 29 394
10539 13451 5446
437 33 534
15 4 96
6053 13342 5347
97 10 240
8475 13257 5258
246 8 375
10863 13145 4979
7 1 48
202 2474 882
1173 7371 2574
2922 11030 3985
491 4851 1680
1723 8471 3042
3770 12035 4334
58 1502 590
810 5302 1973
2472 9589 3420
729 799 513
3585 1177 791
207 363 360
258 267 1367
1228 1527 1301
142 252 91
172 293 36
8064 8237 3369
5138 4719 1970
2188 1813 748
10159 11156 4493
7793 7752 3063
4890 4411 1725
4511 13514 4974
854 834 708
2502 1391 2873
5334 4129 7117
3810 4157 4696
2318 1872 2297
656 933 633
320 784 730
36 307 118
146 79 5
352 476 91
268 275 17
678 411 614
135 135 45
704 5331 2166
1933 8790 3593
3645 11594 4630
117 2230 902
784 5533 2210
2048 8786 3354
1330 1094 415
587 911 502
1764 1858 2001
1050 1123 953
3037 2793 2665
1795 2086 1775
51 39 61
12 183 100
1576 1566 629
2928 3265 919
401 18 20
497 212 474
2 126 42
809 425 921
2935 1374 3888
9 85 73
467 1147 1235
2293 2753 3499
761 892 892
589 686 620
3828 3748 6241
1745 1689 2406
4574 5040 5221
2548 3558 4253
2672 830 2187
42 134 60
1428 488 489
287 29 68
8 6 2
1200 1751 281
37 119 38
364 562 434
132 137 491
132 50 142
596 374 455
452 372 680
368 407 95
334 16 355
60 16 37
80 199 444
2095 737 2984
334 687 891
8 58 136
811 1817 1897
2504 1786 962
2668 2681 1181
854 502 208
2734 3585 1223
187 164 292
1738 2116 1016
147 396 47
2225 4002 805
529 1614 272
833 1226 602
1423 764 440
3655 4855 1682
1209 2190 708
115 220 265
200 101 119
1258 714 1378
219 921 622
103 19 60
394 158 22
67 45 286
9 6 46
264 1637 282
137 56 156
31 44 15
4104 1504 3542
3248 1737 3986
4352 798 2309
4973 1117 2913
4894 1633 3791
2753 1509 3381
3370 619 1643
4887 942 2673
5006 1363 3569
2300 1128 2502
2437 471 1131
4676 1068 2708
5363 1372 3606
3255 1326 3573
2602 437 1209
4519 849 2412
5743 1365 3752
3566 1306 3697
2408 404 1094
3452 767 1804
5250 1203 3256
3804 1281 3760
2316 383 1057
3370 683 1740
5108 1027 3111
3680 1048 3272
1381 225 576
3167 556 1484
4365 1082 2744
3345 1070 2927
1259 210 523
3521 708 1793
2150 1066 1802
1132 685 948
384 246 309
2159 1311 2347
481 436 472
374 333 359
1441 846 165
854 921 697
1012 1144 264
837 449 86
734 681 125
103 40 7
52 402 44
149 124 68
387 87 440
12 252 96
576 198 122
2417 1754 4391
1950 1328 3023
1221 858 1528
664 407 1598
2435 2323 3565
1170 664 1449
3 51 66
1243 177 570
857 868 1859
155 363 672
2781 7072 3559
844 81 380
1000 795 1935
184 322 765
3482 6940 3383
715 75 289
1297 916 2286
301 454 1110
4723 7198 3553
150 6 65
1484 897 2451
398 428 1216
5391 6507 3164
3845 7140 3682
1596 841 2446
392 429 1088
11 39 194
4982 6949 3569
1855 878 2699
491 424 1187
49 103 430
5569 6897 3456
1738 631 1906
508 465 1355
43 62 246
5746 7352 3711
1801 771 2329
623 402 1541
621 2452 834
738 681 388
1292 2995 521
231 174 42
277 213 2
621 994 821
134 23 1
766 374 334
1267 1574 1485
200 85 450
193 193 528
1995 2611 2117
468 371 1449
611 826 721
11533 3558 5944
7353 4334 7016
7374 1833 3387
11103 4159 6800
4322 3831 6005
10700 2992 5205
7972 3968 6570
6775 1524 2738
12010 3859 6490
5102 3769 6261
9813 2549 4438
9136 3733 6451
5204 1160 2006
11681 3319 5795
5642 3527 5565
7883 2022 3209
9330 3589 5839
2521 593 977
10015 2865 4660
6799 3360 5582
6052 1511 2459
10506 3286 5523
1025 255 353
9150 2440 4129
7778 3274 5738
5137 1205 1967
10801 3007 5148
5521 3041 5424
7655 1830 3106
8166 2923 4759
2211 581 785
9518 2639 4151
193 81 728
1113 1587 287
46 5 0
554 1059 257
155 211 123
273 801 171
2067 1855 1012
3393 3682 1898
5357 6005 3220
4304 7250 3585
561 465 270
3227 3126 1574
4604 5133 2619
5293 7035 3464
293 207 118
2791 2402 1139
4243 4398 2078
5153 6056 3121
1004 791 410
3198 2894 1416
4411 4612 2274
5 316 175
2214 5557 2756
4596 4596 2173
5381 6093 2979
568 526 247
3396 3158 1492
4615 5098 2595
70 690 390
5310 8566 4024
2190 2027 909
4579 4886 2386
216 1396 786
5703 8416 4232
1503 1499 681
716 194 342
1457 1719 2323
1844 1971 2223
389 400 246
2284 1343 2911
1173 1537 1304
355 214 423
361 284 100
946 1094 315
500 458 197
67 149 35
496 20 284
146 96 21
156 732 903
1530 2453 3620
2141 337 863
295 1059 1477
1840 2294 3581
738 82 281
598 1244 2050
2654 2489 4257
23 299 475
600 1779 594
960 1455 2331
1044 1797 639
3238 2948 4858
169 560 971
812 1759 597
1516 1846 3182
1242 1767 621
4285 2995 5178
395 862 1608
974 1766 642
2244 1955 3594
29 78 304
772 1739 598
835 1142 1968
2491 3510 1146
3138 2216 3755
108 235 615
453 130 606
1650 5659 2700
790 2878 1565
83 819 356
3 150 67
1217 4245 2106
317 2247 1091
7 142 60
2095 6064 2662
738 3305 1657
99 1230 590
2745 6198 3035
1299 4104 2054
383 2281 1111
1917 1661 836
1005 4026 1952
168 1342 696
3098 6330 3250
1709 5277 2631
423 2233 1234
144 147 60
2559 6502 3311
862 3844 2074
6 93 62
2847 6548 3602
43 6 228
856 1019 852
1537 2235 1537
76 29 174
1007 920 1295
750 822 563
221 242 25
269 67 43
715 389 299
452 548 108
644 726 546
129 150 51
150 149 51
869 1040 351
283 296 102
1012 1324 449
660 745 272
572 1754 606
855 1019 351
424 439 153
1135 1448 496
398 1901 630
1152 3494 1134
2007 2324 754
9087 5210 7825
3005 3566 4793
9030 2833 5040
9725 4802 7337
4112 4036 5253
7521 2319 3733
9398 3934 5854
4995 3855 5410
6002 1671 2525
10175 3493 5404
6571 3839 5788
5109 1201 2019
8441 2804 4024
7526 3635 5169
2948 682 1142
7857 2237 3356
9676 3509 5523
1192 286 405
5618 1619 2257
8939 3131 4433
5955 3452 5033
4584 1478 1976
7705 2388 3462
7509 3242 4907
2774 872 1054
7648 2636 3701
8225 3423 5148
994 386 361
6167 1859 2517
8768 3312 5002
570 246 225
5320 1766 2375
77 120 297
819 492 1055
1785 917 1522
615 577 404
13 59 82
21 2 81
124 43 10
118 108 52
47 146 56
349 341 350
133 113 76
1289 1170 1037
95 53 422
721 2034 1514
1670 2115 1204
82 140 166
104 749 267
382 1480 510
31 435 138
197 1040 382
80 734 263
351 1308 450
23 289 98
658 721 246
136 1171 398
105 9 144
125 123 0
280 12 123
5051 1056 2369
786 1920 2294
9 150 127
2612 421 1116
987 2060 2550
22 275 239
1140 144 444
1416 2097 2770
70 436 446
593 1726 675
2197 2437 3332
255 836 1065
1551 3069 1170
3363 2949 4176
761 1228 1804
1389 2014 802
4588 3057 4438
1400 1702 2563
55 230 453
1702 3461 1317
2119 2161 3348
400 702 1236
2218 3425 1308
3360 2404 3922
566 950 1711
12 14 103
4802 2684 4424
1348 1325 2498
55 98 341
5682 3176 5443
1844 1641 3043
302 358 383
894 1138 852
817 854 542
1823 2181 1084
280 251 151
813 484 1214
63 148 59
269 600 248
640 742 298
1069 1473 590
827 1728 660
414 438 171
1603 2030 731
1116 1742 687
366 1615 622
1919 2646 1009
546 579 225
1510 1893 729
1182 3329 1259
1261 1444 543
2114 2872 1074
822 871 339
1596 1993 749
297 288 113
1380 1588 621
2048 2868 1130
1794 3501 1309
681 707 270
1900 2464 1005
1627 2737 1148
429 436 178
177 180 170
466 501 581
174 50 178
1890 1901 1613
1468 1006 906
5 4 124
237 1046 428
13 288 110
360 1296 495
78 572 220
631 722 287
38 588 224
638 2175 828
111 870 338
413 2016 749
36 572 214
728 2608 1014
191 1408 517
1163 3156 1225
353 1880 753
38 564 214
689 2707 1071
100 1011 417
1033 2995 1220
193 102 162
11 17 47
143 101 189
587 524 362
1439 900 1413
5869 3689 5704
3664 4007 4187
1290 911 1791
88 139 91
412 144 513
2867 1148 3368
446 1708 2197
2068 3078 3730
628 810 508
1337 611 1747
176 55 598
133 150 142
1142 1352 997
378 291 182
2328 2617 2075
108 228 248
49 12 110
132 297 167
997 1002 3351
3074 1391 827
56 139 141
878 1273 1168
221 342 247
482 850 731
39 43 55
3484 2016 3024
2696 1648 3168
1469 2800 2543
358 423 674
199 181 212
122 37 152
1265 540 300
366 1043 436
2303 1984 902
425 368 590
172 234 676
109 21 5
349 101 246
503 236 1304
2183 583 2904
68 307 298
492 284 648
267 123 410
141 116 55
1358 351 440
941 2186 803
443 446 683
249 237 411
297 495 36
355 854 303
535 1641 2109
18 18 164
48 108 39
109 146 117
11 112 124
506 682 664
292 190 235
247 164 464
1334 1103 720
387 258 64
1038 718 367
3299 3900 1152
257 957 814
145 292 143
62 39 115
72 14 128
132 118 94
158 370 257
1619 1065 795
1182 1050 339
1584 204 654
8414 1490 4249
4386 1659 4582
5924 912 2698
6775 1662 4755
3424 443 1402
8840 1583 4649
3259 1546 4039
6082 1056 2836
4995 1500 3944
3962 624 1667
6887 1465 3985
1454 175 533
6805 1141 3161
4254 1383 3899
4646 680 1971
6116 1344 3940
2521 325 948
7104 1152 3432
3589 1198 3656
5802 766 2332
4743 1136 3091
2832 381 1069
6272 1060 2877
298 54 101
5297 812 2267
4203 1007 2874
3156 428 1165
5913 945 2781
1020 131 337
5670 733 2177
3728 914 2870
652 635 299
32 276 152
342 432 405
292 238 470
93 122 111
143 61 132
107 63 110
9 90 75
1094 1130 675
20 5 12
19 22 17
1661 2880 608
1486 1345 542
252 232 12
124 7 135
396 91 639
2822 1613 4331
48 234 500
1563 4895 1959
654 767 2041
2615 5023 2072
1799 1157 3272
3541 4988 2008
150 6 55
267 469 1156
3108 6747 2640
1117 882 2435
4380 6684 2558
2364 1197 3161
92 232 652
2774 6656 2580
683 672 1896
4101 6571 2429
1841 959 2838
12 102 309
2614 6439 2169
413 379 1180
4786 7925 2703
1172 745 2002
6241 7582 2348
2430 1038 2932
201 263 741
4949 8082 2588
984 545 1682
6142 7683 2534
2255 799 2449
119 165 566
4470 8064 2836
387 131 867
323 187 155
7 63 25
107 135 8
1237 1864 504
210 95 132
430 413 49
46 146 139
706 178 181
203 287 32
91 87 389
1255 1262 542
3821 5050 2049
148 133 54
3008 3489 1440
2018 2085 843
585 563 219
4280 5194 2047
2845 3071 1202
1278 1226 434
4457 5551 2137
3580 3863 1466
1697 1627 568
4857 5963 2133
437 2825 952
2073 2058 711
20 530 176
2959 8200 2861
4605 5219 1849
2241 2159 677
11 384 132
3130 8010 2543
4624 4972 1557
13 115 4
132 146 15
71 112 40
871 728 661
148 123 133
501 944 239
391 453 188
951 3844 1652
166 1543 639
584 2910 1165
1665 5882 2268
111 1555 611
627 3516 1405
1425 5361 1889
50 1112 436
446 2747 1029
1287 4900 1769
23 538 184
3513 3745 1264
1529 5986 1987
405 2970 1014
1522 5888 1877
399 3032 1005
148 132 111
141 15 14
112 140 60
254 181 23
26 39 137
59 148 6
358 392 193
21 115 5
12 72 52
47 11 146
143 57 144
5 3 62
366 331 637
81 108 39
15 10 146
961 715 353
33 64 40
530 288 846
270 185 710
148 36 142
53 27 39
137 100 71
555 401 79
2052 2669 2884
2434 1002 2809
520 215 446
3141 3378 3848
1280 1080 1130
41 38 116
1005 2756 3023
2393 3253 2670
1569 1559 703
785 1239 432
519 485 398
131 113 148
462 253 849
472 345 985
30 41 287
135 94 48
647 833 598
671 248 97
1273 217 1037
1593 981 2624
1539 1488 3210
1467 2770 2976
1797 3007 3259
126 94 135
635 422 591
804 127 548
351 386 248
66 188 48
1782 1862 2434
146 93 117
1112 736 1046
24 25 288
143 49 8
437 573 645
583 552 487
672 904 542
2045 1027 1423
1167 506 672
143 123 148
225 374 192
2220 844 1113
235 201 288
184 166 830
1845 530 392
137 143 93
3087 2742 1422
276 542 875
44 85 29
359 452 106
319 200 740
7 3 5
403 488 81
316 100 147
222 406 73
1626 1420 2951
1291 898 1776
422 20 564
828 551 137
621 330 95
177 236 494
1382 742 852
1004 590 505
18 123 148
132 112 232
143 806 488
347 391 534
537 401 52
2392 1135 1250
750 988 985
2223 2370 1286
10 67 1
95 44 16
1802 2234 902
1206 2665 2388
54 293 53
236 296 176
123 146 71
149 71 43
402 55 278
502 54 254
34 274 45
208 178 297
12 20 59
523 478 890
121 125 147
96 137 80
15 46 103
397 322 52
120 52 22
110 46 20
23 108 145
82 65 13
115 226 617
1527 1057 2886
0 5 141
1050 506 253
58 23 288
154 359 323
279 501 780
301 402 85
1047 1739 1598
1034 1300 1129
1170 695 321
105 197 157
100 63 149
39 23 106
556 321 93
93 348 301
522 427 1240
965 1291 563
1 52 22
213 258 211
1300 1715 366
231 103 10
132 143 126
2392 1575 4348
165 237 284
585 519 700
7 13 118
574 859 776
147 41 10
66 378 315
540 802 595
304 489 165
190 140 180
211 187 183
1491 949 391
428 451 526
540 224 111
127 91 148
249 304 326
2812 946 1074
1109 1555 1734
1700 2842 3138
169 66 716
347 538 37
819 754 1453
184 190 383
789 988 1365
44 132 77
253 279 119
157 155 212
72 6 131
185 684 675
132 416 211
2589 2073 1376
32 2 34
12 85 112
769 413 437
35 42 177
26 41 10
182 69 45
9 10 132
943 1144 1292
32 14 10
617 878 60
186 345 234
496 184 84
538 100 147
371 480 677
354 1448 1373
365 6 30
577 895 676
63 87 133
191 148 288
264 264 16
105 210 389
2039 1995 2124
71 383 531
222 874 1012
486 639 716
262 219 710
414 386 33
260 37 176
15 58 47
99 125 85
171 354 33
377 134 36
160 60 78
520 598 482
132 91 4
94 16 112
22 58 17
995 1135 229
3488 3244 1084
1978 2569 805
940 1151 147
190 39 354
837 914 720
127 138 66
228 152 296
235 1178 1052
804 916 765
557 925 685
112 129 149
88 56 20
15 12 19
1751 1762 524
342 1502 470
1397 3334 926
95 140 294
39 96 9
126 189 351
127 36 66
30 45 233
161 261 410
3 89 134
59 32 10
131 114 22
462 936 364
121 425 115
153 160 6
279 328 359
119 144 74
120 32 83
231 234 262
50 43 119
22 1 0
103 17 52
134 137 140
622 419 955
80 33 37
71 121 118
98 13 103
56 201 267
316 315 328
402 514 719
171 254 273
138 60 22
14 19 137
2 81 130
13 20 15
184 557 828
50 50 200
64 73 8
71 126 15
175 187 29
657 747 189
346 361 418
64 26 0
84 69 7
83 127 149
0 21 115
138 91 86
8 22 38
52 68 7
252 190 265
104 22 11
235 191 211
248 324 388
15 15 14
14 21 11
293 196 356
1174 973 575
193 167 28
103 10 22
88 7 128
2230 2197 2015
29 25 118
42 127 39
610 432 343
106 202 334
272 287 261
464 560 271
19 83 50
147 69 50
21 36 33
36 30 1
136 107 25
9 106 25
126 136 3
12 111 11
110 135 120
106 145 74
1611 490 1452
1124 346 887
2493 1729 2987
2364 1197 2651
2010 951 1977
1839 592 1523
1983 778 1849
1820 504 1504
828 172 526
2590 795 2719
2776 843 2804
1486 314 1115
1608 317 1115
741 112 429
414 61 240
2200 808 2345
1124 271 937
379 45 250
2681 1569 1340
1324 326 915
149 32 74
2305 669 2253
1442 353 1170
1686 487 1280
1857 371 1340
1067 254 717
834 297 585
417 216 302
4114 2571 5097
148 94 109
2962 1505 2952
2690 1528 2981
1023 978 1710
1563 1199 2329
31 144 184
69 223 344
100 178 390
1055 982 1892
2612 2507 4748
2671 1983 4014
2189 901 2490
81 239 606
239 249 800
384 245 750
698 276 1014
1252 335 1188
2664 999 3080
83 88 296
135 86 271
4121 2850 2608
270 46 137
1877 676 2456
2040 489 2034
207 231 756
334 299 800
1224 657 2384
1939 640 2635
2828 1079 3725
3356 2249 5048
3709 1962 4951
233 371 1340
3912 2713 5597
1431 1158 3371
2039 1507 4150
3941 1991 4051
2883 3455 3432
379 102 281
285 44 182
150 11 86
2506 3331 3622
2421 2239 3136
466 1509 1586
3600 2051 3325
293 31 165
3824 3359 4505
5007 4576 5368
4040 2937 3648
3456 2429 2411
6 89 255
4134 3951 4167
4447 3990 3750
2795 3269 3205
1590 841 2331
3991 4182 4768
44 75 321
4550 4245 4794
3654 3206 3074
1615 1543 1183
3658 4126 4831
150 137 105
2537 2976 3111
182 177 964
1857 2064 1882
725 725 2007
2827 3694 3942
2 3 114
1899 2896 2981
123 762 516
3625 3367 4209
3654 2641 3813
2013 3563 2909
2518 1051 1851
278 1080 1018
3317 2336 3753
1536 2619 2880
2560 1200 2042
76 597 450
557 2023 1815
1481 2821 2951
2284 3572 3356
902 503 545
239 862 929
1093 2698 2548
158 9 174
3133 3849 4466
133 454 793
4647 4324 4620
1711 2769 4006
2827 3913 4391
3737 3816 5150
544 482 424
3757 3664 4180
9 17 120
2182 2474 3789
1901 3032 3916
2126 2590 3105
128 139 120
2203 2676 2956
23 395 264
1976 891 1596
498 1694 1249
1054 2685 2210
2876 1593 2466
40 401 311
1099 258 824
268 298 204
640 1224 872
2675 3498 4097
1427 385 992
139 2 90
1094 1422 1030
741 1613 1090
838 1281 894
1436 2165 1503
1277 1795 1224
929 2015 1374
536 554 370
690 630 543
763 1661 2607
1126 1640 1136
978 1470 1054
356 586 1314
1037 1366 2635
1420 1682 2815
1657 1715 1725
35 108 237
759 754 782
726 632 1641
1107 1157 1897
140 4 103
1291 2284 1510
1153 240 884
545 69 370
517 486 344
825 1596 1080
631 775 558
642 1341 918
51 408 291
655 911 659
587 627 460
270 244 182
89 351 265
1278 1590 1062
1507 1248 810
295 195 145
373 1294 882
1026 1152 780
1044 2156 1467
1111 1695 1187
916 1376 938
5 6 95
62 76 338
576 702 506
258 250 188
139 148 106
907 961 739
671 858 620
522 329 1045
1088 1163 913
10 12 99
278 282 196
90 548 356
559 938 648
530 1022 723
1405 2442 1622
133 552 388
332 798 569
1 148 102
193 639 465
446 867 642
669 1110 820
1840 2681 1704
76 511 348
3 129 95
127 531 374
18 140 101
26 252 190
13 150 106
358 786 584
119 685 500
645 1028 771
24 294 210
372 834 610
260 268 200
26 290 210
355 770 556
230 828 577
570 636 460
15 144 86
4 122 90
66 372 282
60 18 222
707 1134 862
659 967 711
2904 2005 3524
2773 1305 2847
3105 2887 4578
2881 1900 3174
2713 1263 2773
1813 600 1500
2177 1720 2821
1069 939 1144
1429 1478 1470
2310 1880 2957
2155 1324 2231
1576 659 1283
2104 1709 2565
2071 1312 2007
1281 478 909
289 108 162
1982 1577 2161
1396 651 1068
706 311 480
1969 1423 2046
2085 1381 1949
1037 812 849
1702 1330 1825
1622 847 1354
601 457 480
143 95 95
1485 1181 1537
489 311 350
380 315 300
715 491 668
196 145 170
270 156 176
14 122 94
6 83 76
1063 2144 2528
1445 1564 2507
136 825 801
315 740 1006
1280 1573 2501
2959 2316 4032
334 754 955
1179 1968 1889
41 324 307
279 727 965
1092 1428 2134
2350 2160 3305
158 472 644
719 1051 1642
979 399 1020
2353 1516 2605
624 876 1362
1933 1549 2724
2217 2020 3137
588 1126 1651
1623 2051 3083
1639 2052 2497
469 612 1172
767 1080 1577
1307 1205 1619
2011 1778 2213
1051 749 1566
1090 1217 1702
1071 870 1238
232 520 616
573 644 814
590 585 686
400 55 327
2083 3471 3782
1414 412 1338
583 122 404
1704 2564 2916
37 203 188
283 73 202
1 143 114
1847 2452 2357
2520 2457 2728
835 1140 1441
145 41 97
2324 2031 2486
1863 2369 2119
147 473 788
2481 1891 2166
1585 1015 1088
69 281 467
1574 1002 964
522 419 372
30 74 179
1868 1443 1257
2437 2138 2313
66 63 255
229 401 784
2133 2353 2358
4 49 89
77 226 407
1911 1821 1172
406 429 206
217 89 280
2135 1973 2835
2546 1390 3341
223 850 760
3191 2390 3756
86 561 426
2750 2470 3716
2370 3851 4275
1800 878 1624
1292 601 958
153 564 652
2209 1553 2300
1583 782 1051
429 1010 1051
1910 1275 1368
963 428 538
1015 1319 1679
2227 2016 2761
2185 1731 2270
1178 1056 1351
1844 1664 2288
885 1288 1367
2212 2514 2879
398 494 621
1684 1379 1006
933 894 585
872 844 1267
1363 1211 792
1860 1862 1427
1707 1187 1310
1929 1325 886
135 115 51
804 1796 1767
9 128 111
2252 2469 3460
1174 2327 2212
1134 718 1164
458 1314 1342
3148 2213 3672
42 52 200
1565 1481 1461
532 166 350
1628 1753 1634
2558 2378 2728
149 12 79
2135 2223 1749
2460 2507 3106
1594 1954 1608
5 8 79
371 662 790
1256 862 576
152 208 480
1914 1741 1742
2141 3143 2539
280 228 174
1375 1288 1391
2780 2765 3091
271 272 178
1571 1369 1348
317 420 231
43 41 96
120 21 210
3090 3183 2243
1073 295 992
98 139 114
1202 341 1278
494 68 427
678 542 499
521 171 425
145 1 120
1036 1178 1025
295 980 809
1510 1202 1185
229 910 740
12 131 85
199 849 656
1454 2794 2029
102 388 522
862 1945 1606
1018 883 705
925 1144 1085
2380 2125 2076
1775 1635 1596
1519 1259 1004
8 35 91
2352 2258 1954
136 127 51
90 160 373
386 1004 894
68 38 109
692 528 722
2312 2377 1666
278 205 401
1838 1262 2620
408 848 750
139 4 121
621 934 786
392 516 444
1400 1960 1662
592 958 813
391 600 480
54 396 307
223 280 113
1230 1901 1615
425 237 261
1633 1500 1342
548 372 346
803 674 544
1639 2120 1859
1809 1397 1468
81 198 325
716 995 1125
2293 2973 2468
150 118 78
1377 1388 1104
3344 2974 2309
1754 1450 1129
1453 2311 1967
1821 1606 1031
518 458 203
1803 2447 2089
1045 1176 337
137 138 57
220 695 570
146 138 114
95 380 330
434 1016 882
55 266 195
294 810 684
1225 1873 1641
1835 2276 2048
1642 2207 1866
58 275 310
221 423 177
281 282 118
1 74 92
273 888 743
79 138 260
662 1121 1220
1266 1902 1945
743 787 539
2336 1962 1801
3417 2498 2117
24 74 142
3916 3013 2083
2107 3691 2911
95 668 544
168 98 356
594 954 1164
310 979 1258
63 368 323
308 402 171
135 149 64
2966 579 2974
2935 1763 2543
560 372 286
256 375 878
522 906 1516
1078 1007 1661
966 1946 1650
6 83 32
498 504 205
239 62 94
254 271 106
236 242 132
3184 1455 2759
1919 1439 1531
3632 4621 4068
2896 2776 3684
2219 2019 1773
2109 1172 1632
2498 1459 2334
1871 1070 1378
1496 2056 1638
1892 2435 2452
1352 626 2609
704 1500 2491
2951 3720 5506
1892 1029 1101
1794 830 1065
1296 1840 1993
1930 2738 2411
416 775 580
243 251 113
274 164 109
123 7 58
1591 2191 3307
3323 3629 4443
2567 651 1975
1020 590 1585
1193 336 634
1446 2268 4278
304 297 828
135 28 156
659 1079 1167
1815 3345 3417
585 1083 1653
1655 312 1315
823 1446 1178
366 1532 2581
636 477 321
148 91 44
489 707 536
108 64 94
226 196 251
132 380 292
1066 950 842
858 1020 1126
126 1165 1194
286 504 1114
426 1002 911
437 355 927
866 178 480
1540 1594 1573
1323 1270 2107
455 462 364
130 139 76
166 256 207
1205 1338 804
408 1707 574
816 610 430
267 756 661
1268 2072 1726
101 589 240
128 97 110
473 478 428
459 1246 836
945 1023 1658
146 134 11
924 401 197
2480 2019 668
396 405 305
1647 2200 2987
14 10 92
986 1979 2179
43 144 168
269 493 774
907 150 773
1423 447 451
14 226 272
162 10 98
86 574 575
459 915 1927
439 481 287
6 167 34
379 218 260
145 110 58
33 6 58
583 903 413
2651 2058 1061
653 2101 711
142 36 381
13 130 143
108 535 540
51 167 259
581 622 870
1938 1435 2235
22 14 227
1248 867 612
1505 866 493
356 723 238
420 449 615
768 96 244
874 1630 695
1130 973 857
373 375 378
147 7 58
461 444 654
292 169 19
212 602 246
205 102 57
214 12 286
234 137 284
132 134 139
135 65 3
334 420 523
942 574 1812
11 7 136
354 653 245
753 1230 678
1461 534 591
2618 3612 1715
1566 1019 788
891 1902 1267
354 598 356
11 87 70
117 21 174
519 241 381
1421 663 531
1019 808 99
10 81 142
1578 3123 808
2806 1997 924
136 134 386
138 220 473
786 1634 514
522 648 320
1132 370 495
1214 1073 701
5 211 162
1397 1560 1007
147 31 78
512 186 316
508 424 660
383 559 409
692 1050 1393
216 239 86
745 638 338
11 72 280
2113 834 541
452 596 346
127 126 140
611 587 68
149 139 1
1450 535 1910
1689 1202 2399
1245 618 1344
2226 1608 2865
882 409 1203
419 104 286
736 489 805
535 517 892
466 75 142
1405 762 906
2433 2470 2656
247 54 176
792 236 930
364 69 276
530 144 522
507 84 376
675 274 669
388 128 301
48 4 80
424 279 219
2154 1537 1695
255 55 179
1909 785 2267
626 177 497
2060 1936 1626
141 148 79
966 353 983
145 147 78
1826 1992 1494
652 104 474
778 133 614
3768 2186 4335
79 258 128
135 3 63
191 533 244
742 556 687
135 62 128
350 561 528
157 332 233
311 301 369
325 324 158
81 83 50
778 671 115
56 78 141
179 459 214
897 246 121
252 256 138
57 119 251
551 551 410
128 264 356
578 574 506
524 476 676
149 150 56
87 22 13
1260 917 329
243 354 427
140 296 24
1489 391 242
1088 864 1865
742 1278 1698
1501 1689 2784
317 634 1012
275 207 540
1008 543 1147
1059 1354 1897
640 1058 1075
6 51 39
1746 2157 1836
66 10 81
500 124 669
298 150 522
529 109 661
521 267 945
640 357 952
622 438 1206
770 493 1289
2465 1677 1975
2794 3049 3284
239 4 158
1024 207 980
693 469 1531
247 80 444
2856 3146 3740
2777 2458 2702
349 115 538
3377 3171 3386
147 13 85
1325 340 1653
1137 1003 883
707 958 1774
132 8 96
120 101 115
364 382 467
10 86 89
286 285 25
73 211 199
1024 1007 315
368 79 135
43 53 141
787 326 146
62 540 155
10 85 109
477 100 455
22 100 115
568 157 493
1693 2097 2251
252 532 684
38 258 254
402 90 312
3907 3084 3372
1289 715 781
318 985 994
37 55 269
2861 2032 3394
27 48 174
1871 1547 1803
29 46 174
2063 1574 2053
10 4 80
2381 2476 2842
653 1176 1480
2946 3243 3935
71 126 539
1632 1280 2213
2623 2566 2830
195 32 170
697 209 559
1889 1651 1709
3042 3129 5465
641 123 913
52 18 184
368 353 1148
260 285 268
193 107 200
123 65 246
137 105 110
812 914 280
87 137 81
56 410 143
734 982 463
508 135 77
702 412 288
22 16 75
2157 1455 3240
1746 1815 2684
1413 742 1913
1410 1133 2152
28 228 157
2053 1382 2154
1636 1768 2557
1414 964 1291
1462 2376 1689
2125 2572 2393
231 36 324
1480 1024 1321
728 1472 1495
1516 900 1205
840 1100 1509
2078 2194 2591
1050 1378 1790
312 740 961
1687 1219 1581
2691 3130 3928
197 20 165
568 514 395
1469 1074 1548
1382 2160 2886
278 365 1027
2120 1892 3414
3363 4064 5790
131 148 139
3117 4838 6171
1026 2362 2949
2434 4474 4965
3319 1142 1506
75 138 103
65 118 110
420 575 629
75 104 298
158 141 156
140 98 209
375 620 437
1197 1671 423
21 131 13
1363 1845 2627
378 841 927
1480 2086 2605
726 1549 1554
1228 643 1116
513 116 304
84 268 206
1979 2039 2255
136 2 106
351 1081 982
922 306 604
2251 2278 2801
281 46 209
2059 1821 2414
2186 2373 2701
110 544 704
1697 1542 1792
937 615 694
2425 2656 3361
1338 1963 2731
751 584 641
2912 3360 3934
50 127 313
148 121 100
1838 2464 2788
655 563 585
326 529 1303
1106 1916 2115
12 290 406
2424 3140 3686
24 203 270
1644 654 737
123 67 110
301 428 545
532 849 357
3 55 67
4 133 155
34 13 73
149 73 89
25 27 15
25 248 229
565 110 826
75 396 354
351 84 339
207 754 536
539 860 1327
1315 420 1333
69 480 304
703 102 519
1350 1592 1340
1995 2127 2898
2320 1864 2724
287 1121 1381
17 189 162
755 1560 1843
1001 470 759
1318 1659 1940
2144 2194 2583
31 226 515
282 444 366
1698 1875 2732
441 1080 1548
2049 2083 3157
1196 920 1078
1490 2242 3220
2907 2727 4222
23 149 139
8 17 146
2588 1068 485
1089 458 176
2682 3532 1104
520 505 118
108 130 135
257 466 608
467 426 151
146 115 75
365 507 188
389 46 409
2383 2796 4043
1322 1209 1818
1450 1479 2324
2057 1004 2337
2606 2070 3227
245 780 818
2155 1383 1765
948 1543 1305
999 1646 1394
14 137 83
722 1120 1656
1327 531 1295
1776 2074 2400
292 98 190
1430 1154 1339
1011 1137 1073
554 329 429
358 428 361
14 13 110
1694 1411 1888
1167 1169 2425
2562 2862 4359
231 240 0
161 696 942
1387 245 165
222 281 23
144 652 238
1624 1311 489
145 76 0
589 828 304
61 132 136
387 676 31
173 240 66
66 230 150
597 511 168
1687 1455 1300
3947 3424 3339
2547 811 2661
2314 1961 1962
240 26 296
80 124 123
510 205 711
420 153 517
74 84 276
415 417 568
801 243 237
2153 3328 3244
2871 726 2125
5307 3753 5292
858 141 669
3223 4212 3859
1484 1128 2589
416 291 1199
1906 1536 2364
2022 2404 1983
135 90 10
140 270 262
1213 1760 1810
1136 1630 1685
299 1019 1049
1505 2204 3272
487 1002 1354
2282 2637 3412
1133 1805 2186
1329 1422 2107
1235 1677 1471
111 649 523
1747 1055 1800
144 38 100
2054 1831 3273
2255 1641 2587
397 240 280
1516 2035 2270
774 1142 1166
2166 2462 3129
510 1046 861
324 586 1097
2088 2545 3852
144 112 126
52 340 537
42 218 19
102 78 74
898 1180 107
65 49 37
73 328 106
148 593 249
136 82 141
16 54 13
13 27 73
2774 4315 3451
54 15 103
1517 2174 688
1034 2031 441
44 47 1
473 500 620
1683 1186 1745
82 188 134
50 41 8
3 32 148
1722 2139 2365
2538 571 1817
1979 985 2492
1027 3096 2680
38 30 106
3342 2582 3845
981 952 694
282 309 289
1766 926 1903
723 2250 1618
935 1553 637
125 115 107
653 61 450
3 150 137
411 262 432
37 268 228
804 293 839
190 557 472
411 44 343
581 218 557
258 797 624
112 137 117
547 879 779
516 501 420
468 465 426
816 1166 1169
97 557 716
530 1065 1507
150 148 122
225 294 244
135 146 122
6 146 122
341 985 88
20 279 23
1133 718 1236
341 438 914
919 483 1275
1335 495 2230
84 147 205
266 4 264
104 49 143
700 922 1116
374 341 309
2136 685 2204
2339 1304 2267
547 404 330
1630 1300 2003
3913 4759 4646
2155 233 1870
1153 1261 1100
75 15 54
1515 1157 1028
262 460 562
194 672 484
803 2268 1448
34 269 99
1445 2934 1250
349 245 428
34 13 148
930 872 1620
14 2 80
321 187 144
1395 1727 2030
2769 2325 1858
971 481 1910
183 196 738
40 15 53
3423 5884 4642
22 196 274
99 124 15
819 973 1164
607 974 1444
679 99 679
273 78 88
281 392 736
148 56 67
1020 1025 1616
1134 2141 2454
2254 2527 2760
68 83 451
214 224 348
341 51 526
88 144 145
197 238 313
126 55 99
663 740 2229
2358 3029 4000
2060 3293 3528
193 445 561
1016 116 613
733 260 1283
141 85 64
1029 859 1286
3452 3285 5591
926 1017 50
136 99 3
147 36 133
525 541 465
244 278 236
738 1286 1145
400 304 298
393 787 678
514 939 872
635 1041 1000
132 324 326
1032 1263 1259
149 106 108
495 756 690
23 80 0
328 562 46
16 19 35
68 162 282
280 538 436
741 65 1044
753 1739 1597
1229 377 1986
740 1747 1894
276 113 281
665 204 545
31 580 543
58 148 100
2378 1240 1623
285 224 163
378 821 659
147 1340 998
2285 1501 626
56 835 679
1875 2406 567
493 775 175
62 186 750
128 35 80
195 158 927
76 161 83
139 141 132
83 136 187
680 1254 69
290 561 472
141 139 117
744 877 790
144 90 102
96 377 341
23 242 208
573 875 800
235 647 582
149 132 11
25 54 59
263 10 432
2243 925 2014
1551 680 212
2342 1577 1697
13 150 283
278 633 1089
478 523 488
58 147 5
216 17 56
77 184 445
770 877 210
1117 1396 1372
585 1143 325
2116 2562 2157
261 759 85
63 253 180
647 442 554
659 592 519
2864 2047 1045
270 429 151
204 89 271
519 358 524
17 82 83
1266 1340 1892
20 354 614
46 601 561
29 214 228
523 263 542
114 269 71
264 241 20
426 189 408
1178 1337 1630
1346 320 272
74 310 667
887 529 891
96 88 576
1464 2769 2727
133 82 57
187 69 131
306 639 675
45 277 234
475 408 426
185 556 476
1066 282 312
270 4 39
759 541 359
6 92 14
231 162 409
975 769 521
536 370 459
1432 1674 685
1132 1249 2112
1513 1073 246
921 150 201
1265 1262 291
286 56 288
226 274 109
567 776 221
132 139 82
161 286 4
111 76 81
210 169 237
704 718 1131
196 16 242
2635 2918 1343
140 22 118
283 186 392
15 103 134
3 123 3
143 31 6
497 555 754
113 138 135
2928 1743 1465
354 224 390
138 200 567
218 1094 1105
57 209 219
38 46 81
44 259 260
5 48 142
91 67 14
1504 649 619
855 705 191
441 852 148
1298 567 1285
235 164 240
735 162 473
686 132 738
286 886 869
68 478 649
432 46 76
15 8 8
1687 2140 567
137 7 44
879 921 1008
1966 1318 673
562 468 434
123 233 78
88 68 33
69 150 123
748 1136 1329
851 289 212
4 111 28
217 248 240
178 380 656
120 102 140
104 50 18
68 62 12
393 281 233
980 954 513
40 191 185
164 145 523
640 565 548
3519 2993 1214
928 1251 1204
100 23 125
51 21 104
554 1222 327
7 101 15
41 117 91
872 620 97
52 99 52
107 12 19
355 340 731
1694 1596 1580
460 110 272
83 244 284
535 228 303
1562 2070 437
27 442 124
378 402 268
140 87 15
123 149 312
91 143 2
129 139 24
769 1159 1888
772 505 179
1482 740 525
182 98 100
420 75 77
1 94 128
575 354 264
118 176 225
135 7 75
480 391 213
411 404 199
197 206 10
91 4 74
851 2171 779
1245 1339 405
70 98 208
88 144 123
2664 782 918
755 1220 338
1494 727 273
1060 1311 1545
759 673 349
2922 2707 2151
5 122 142
324 477 110
187 814 164
800 554 1353
226 127 71
54 244 42
431 158 115
307 676 200
229 120 833
360 108 84
149 237 145
1788 1164 1613
30 49 32
243 190 279
1423 956 588
799 864 701
94 214 262
1265 1610 696
65 406 231
0 87 6
8 103 256
1705 2945 1002
22 132 11
219 466 374
283 165 180
6 274 49
104 352 81
885 1730 2005
33 733 346
275 545 57
570 464 103
66 13 49
160 307 612
52 135 12
1549 774 417
37 87 50
684 1429 219
177 211 110
1571 2331 1960
50 349 267
166 580 48
124 34 147
89 2 6
72 124 64
138 238 374
289 253 21
216 275 22
2176 1829 660
32 260 183
14 87 145
2306 2865 2274
412 1185 843
483 911 1076
1259 939 664
174 342 101
450 578 349
223 46 49
45 22 120
292 79 54
126 86 35
12 165 82
68 106 126
972 714 157
131 14 148
1271 2293 2170
561 547 386
662 552 82
542 100 71
383 389 35
91 187 71
1870 1695 607
152 288 143
832 726 165
91 390 407
147 30 22
322 488 70
35 46 18
192 551 184
1223 486 398
254 286 79
47 78 59
340 91 225
813 1816 1037
1029 792 1052
8 134 121
893 704 934
10 105 8
478 431 460
80 236 304
333 286 388
13 93 15
146 120 23
125 115 22
416 122 178
26 30 22
473 480 53
75 276 83
290 345 84
592 147 332
140 60 50
558 134 349
2532 2431 2206
6003 4965 4529
117 33 29
1304 857 1965
999 813 865
118 34 15
445 152 446
144 50 130
294 83 133
1529 1059 1504
416 249 426
592 139 205
3584 2702 2953
4862 5036 5161
1660 2074 986
133 40 142
846 990 1316
587 1299 931
35 131 46
104 169 200
637 636 534
1317 898 1150
233 200 269
474 425 756
439 391 185
23 149 72
266 197 22
676 564 604
2880 2104 1295
314 418 328
65 146 10
2249 1581 2340
52 272 60
161 178 15
594 616 89
165 194 121
2783 4189 2795
568 2684 1274
264 491 1122
828 864 907
443 375 364
330 307 38
430 270 410
104 33 20
132 654 403
154 500 369
3188 4103 4157
4597 3001 4957
4680 4910 5317
1182 3625 2829
570 1385 480
281 56 28
333 261 730
3 66 81
102 104 131
111 126 376
148 34 123
1125 798 1289
174 24 48
329 372 596
266 100 10
327 368 604
1092 530 773
1108 1060 655
60 132 1
313 158 12
148 91 20
129 749 166
15 26 65
425 94 763
1714 2331 2121
240 543 558
73 485 552
103 106 45
66 38 145
536 609 549
31 47 9
237 299 850
578 624 1233
1800 346 935
1074 1751 2670
51 148 384
106 5 228
1725 847 3414
18 17 21
98 218 200
375 133 372
66 126 147
25 21 36
148 21 138
140 51 95
787 866 530
642 869 803
771 498 341
95 287 374
82 431 113
521 264 209
162 277 50
46 238 86
149 148 18
363 365 615
848 2753 1693
1411 1151 189
502 555 516
3854 3129 1780
284 207 48
258 365 648
569 221 274
420 856 974
608 660 810
2433 1064 1203
57 591 492
880 536 167
400 1427 191
1905 238 2030
359 596 165
323 344 362
136 76 474
253 136 226
388 531 508
31 29 2
108 45 134
41 105 41
172 186 22
63 127 278
9 43 144
375 416 112
142 3 40
1095 1842 717
1944 1047 1601
271 547 86
327 390 483
459 432 56
27 11 10
4284 1763 2700
927 1813 2021
276 97 237
376 503 619
28 191 405
147 48 75
2277 2472 2508
190 1306 1269
78 574 58
968 724 265
1398 993 316
1798 582 404
411 198 132
98 218 227
37 113 8
148 101 195
82 87 72
13 141 6
226 218 394
365 94 371
64 5 0
209 581 439
20 94 171
42 4 78
10 76 83
313 73 635
718 1189 170
17 138 8
1044 3288 1930
880 697 594
313 374 954
103 17 56
447 194 165
724 160 465
1216 1272 147
1053 406 216
54 93 45
40 16 37
853 609 301
53 24 48
18 38 120
81 98 73
28 5 79
127 63 128
444 666 892
2790 3727 3336
102 187 184
253 24 20
254 384 36
1282 1783 1451
224 1148 627
616 1057 1368
664 328 502
572 524 165
1451 1674 1094
269 78 6
298 359 152
369 435 105
194 254 42
141 81 32
402 236 451
98 240 103
878 612 1110
637 197 129
29 94 76
364 963 675
1109 1149 672
2851 1388 1508
1251 473 185
359 550 699
1589 1491 2942
411 349 420
1596 1055 2514
728 539 1318
1218 280 1306
1545 799 1929
650 397 1200
375 101 343
791 303 807
846 594 1104
1108 863 1686
507 76 426
635 183 645
304 104 400
1129 607 1702
632 373 616
944 942 1455
1400 934 2155
546 304 522
1170 287 229
632 1170 1408
1151 289 164
182 30 432
1174 997 325
243 241 77
1823 243 1061
404 34 268
2784 3518 5318
1195 1336 1320
409 66 92
241 137 16
476 110 768
34 248 140
906 867 727
70 186 294
1226 121 631
56 359 27
221 8 298
92 28 27
54 67 113
130 12 7
177 178 688
300 272 42
306 122 264
147 70 20
580 882 374
182 411 58
414 592 4
60 82 272
3510 2983 2999
519 452 38
981 1053 1464
595 1586 1629
38 87 6
118 41 2
141 81 277
427 136 64
346 10 346
46 85 78
280 74 127
809 1162 506
58 86 33
410 77 578
559 1083 1490
213 21 423
888 1043 1837
109 120 312
1308 578 1964
1438 923 2332
416 282 875
1378 919 2265
921 459 1442
966 1372 1735
496 193 1065
1076 380 1531
583 104 674
1459 1152 1635
450 645 1126
1584 1284 2602
378 62 580
1221 889 2400
309 1083 1544
271 26 290
285 36 435
233 110 49
809 729 1008
369 9 120
4469 3258 2480
472 395 1275
1487 1334 2331
2448 1779 1915
1561 679 2302
104 86 5
54 129 115
296 740 5
17 149 132
2239 2573 1389
518 432 881
448 367 246
2 41 2
144 281 20
102 88 30
470 274 468
246 454 909
166 56 262
47 74 1
61 76 113
1341 253 456
386 173 1022
478 164 36
1064 237 1419
1788 1599 2686
35 346 350
396 84 353
115 212 485
15 85 118
1767 1811 2717
388 687 1369
69 172 348
14 226 273
420 264 364
241 370 724
21 32 102
613 196 816
1003 937 1473
204 607 1094
1411 1816 2658
675 77 41
154 27 290
111 39 435
406 94 21
405 44 576
1040 1167 2073
12 3 40
954 2836 3311
4177 5518 4442
4430 5763 5860
482 90 622
1342 1941 1690
393 883 6
59 147 136
326 482 221
55 133 144
127 28 102
264 115 89
109 65 43
84 147 91
6 1 85
129 24 147
1012 1745 1262
72 264 0
945 914 1560
95 106 6
241 759 950
130 2 146
1465 1656 2150
1458 1207 2479
1464 1598 2603
235 741 818
1175 732 1350
907 831 1396
882 868 1362
950 903 1459
720 347 657
844 630 852
1403 1695 2192
918 1193 1746
542 414 514
17 112 275
1159 132 217
1249 238 138
484 513 554
290 228 121
19 11 144
294 140 27
757 1385 619
8 2 40
980 2211 2107
10 20 151
937 1220 1505
411 1134 1316
2 26 3
332 972 431
112 203 423
495 257 632
125 117 84
290 255 82
64 133 137
86 40 15
128 111 10
2670 2178 2901
38 109 143
22 136 134
678 723 1033
871 418 54
965 580 1287
17 136 105
777 1289 1996
449 722 1256
139 4 129
47 296 374
1346 1060 1920
709 1201 1364
342 571 908
1034 862 1468
1678 1507 2191
1358 1030 1747
1284 1205 1855
1563 1539 2763
519 128 9
2629 3368 1555
5861 4895 4478
3877 6439 4014
4268 4890 3848
2750 2872 2154
77 10 144
187 478 101
88 139 143
227 288 15
772 782 498
2661 799 407
34 12 226
44 130 125
132 29 122
148 30 122
380 529 616
364 215 365
244 288 150
137 6 0
42 27 25
135 3 12
5 83 114
228 519 258
105 116 87
33 11 88
48 27 27
661 186 675
1015 1621 321
1492 917 155
30 258 278
309 424 24
1145 1180 2096
1473 999 2014
546 143 542
410 117 432
1168 619 1309
931 722 1540
1614 1333 2271
136 18 106
804 387 728
157 404 572
61 214 313
1407 1706 2309
1272 1012 1844
177 616 872
88 139 144
2377 4257 2163
30 33 43
14 90 139
2160 3925 2740
69 222 292
91 114 406
259 320 544
806 657 138
412 368 65
380 755 1088
1107 993 128
1314 147 219
19 6 0
57 2 13
5 3 12
143 49 131
200 285 665
76 280 221
59 72 81
111 130 61
146 100 4
26 81 5
79 111 10
171 180 177
201 92 283
241 480 12
869 688 110
1728 2027 409
200 175 17
425 88 366
853 753 1450
221 76 0
923 1186 1568
1076 976 1820
369 577 759
612 357 543
785 579 915
869 546 850
1139 769 1147
7 135 252
1032 834 1357
493 482 62
723 147 39
1015 149 405
42 241 66
864 875 422
1009 1005 1592
354 653 851
8 112 25
720 878 160
11 40 30
2605 2294 800
143 115 16
75 45 8
42 103 92
1428 853 470
225 39 285
556 849 107
267 867 69
1019 986 1606
1233 1193 1919
531 872 1446
660 1065 1534
1400 1250 2340
369 105 358
400 245 398
849 808 1270
151 353 526
938 900 1296
1555 1205 2258
925 775 1264
1032 1031 1814
409 605 1342
42 21 19
279 1492 1152
3220 4535 3210
1441 1306 1145
31 83 5
10 26 24
250 356 56
88 280 57
1320 2222 812
130 34 208
242 538 680
258 311 332
146 70 40
31 137 40
37 126 6
40 262 279
74 230 288
733 220 80
1019 349 280
83 327 381
975 731 1421
76 38 0
466 603 54
40 197 7
499 651 1014
853 1004 1565
240 510 743
849 733 1112
83 215 407
58 184 343
926 1166 1584
29 104 280
1420 909 151
1502 695 272
1665 2440 1047
135 32 7
135 117 131
247 606 259
132 84 97
14 134 12
1044 588 348
103 69 32
78 122 31
631 772 126
930 818 218
1335 1325 342
172 556 81
149 9 11
77 319 399
63 357 17
811 500 1011
696 703 1070
629 365 709
86 301 326
849 611 937
924 454 967
690 559 737
1294 1117 1660
27 178 260
344 515 523
1031 2036 581
3293 4203 2112
123 576 452
136 49 58
169 150 172
296 43 98
1864 1114 573
45 69 32
4 45 33
20 150 14
1268 2054 344
372 788 179
830 338 252
361 322 37
734 591 829
135 12 139
654 348 38
115 454 638
705 562 1183
672 632 918
981 698 1279
35 171 290
1260 1334 1732
978 777 1477
472 525 620
394 651 753
164 318 433
190 1191 610
227 243 278
432 216 613
833 741 443
14 6 29
28 102 30
320 217 442
482 102 60
536 167 137
660 499 190
737 262 864
1053 1131 1854
495 191 46
295 41 22
115 5 7
102 351 516
824 1050 1157
39 105 198
964 588 1143
65 349 455
37 118 243
504 723 771
407 433 48
246 267 104
147 182 662
100 55 133
670 549 339
324 182 114
110 80 48
106 119 3
39 75 9
1197 1022 566
184 125 286
301 504 76
534 376 43
919 690 1533
180 520 696
411 313 585
640 686 1031
703 453 1011
726 1094 1171
485 792 787
982 1075 1412
921 622 1250
860 1055 1250
436 530 625
22 137 133
1689 1325 680
339 368 306
119 15 32
121 98 26
118 370 39
498 140 38
114 188 22
331 732 806
392 248 8
33 7 7
292 242 22
257 290 270
131 78 117
824 752 1131
143 5 98
536 1073 1092
468 631 750
615 581 359
109 127 131
73 115 51
314 341 578
825 553 173
157 450 2
128 148 135
410 635 745
230 330 18
382 704 765
368 485 612
10 106 125
17 71 116
353 456 560
195 231 547
954 916 273
588 931 228
399 252 8
87 444 405
352 214 14
37 118 4
1047 1030 362
149 276 264
135 8 117
47 124 4
306 273 16
700 589 204
143 77 115
241 423 33
93 273 30
67 100 419
53 82 125
5 52 110
0 41 148
247 284 255
138 37 281
103 58 89
118 66 3
67 125 108
18 127 19
78 128 19
84 32 136
83 137 124
140 119 9
397 504 585
254 468 415
246 19 262
26 1 45
136 534 175
430 250 32
171 76 39
94 426 15
34 23 13
268 148 274
358 9 357
142 72 137
126 1 118
406 260 349
699 1001 1377
421 301 671
816 899 1040
507 250 678
2553 1733 1689
763 801 653
915 1151 1235
268 50 277
4955 6402 4090
1679 1782 824
2348 3053 1968
850 252 931
1024 1214 2137
2587 3117 2480
1886 905 750
3089 3138 3841
1420 657 1319
3539 3330 6040
264 44 256
1479 410 1073
118 115 147
128 91 30
501 212 170
256 189 444
266 535 40
686 510 1162
182 423 12
485 371 804
448 155 631
479 392 810
278 5 590
811 822 1200
363 102 381
454 192 762
520 554 915
619 555 1412
1182 567 343
270 20 231
799 1697 1665
723 538 1530
2438 6188 3218
3751 7218 3954
1766 1854 1901
266 291 187
569 561 662
572 231 110
3871 2952 4606
1862 1340 2024
2687 4039 5644
1168 651 687
256 134 524
159 392 441
505 632 64
699 681 270
340 652 28
817 1083 65
771 446 1165
210 352 25
775 499 1178
169 121 503
226 115 503
265 78 611
687 633 933
680 853 1127
387 269 662
33 253 247
280 93 379
165 537 110
475 929 1203
1890 2124 3348
123 3 124
12 95 148
276 13 552
195 802 437
201 256 438
365 149 821
340 668 963
1185 568 1433
48 106 215
2123 2077 1840
1736 400 1104
330 714 1266
24 113 274
333 280 149
102 29 14
384 652 249
37 112 147
494 935 49
324 513 882
326 72 39
384 499 880
590 735 985
587 361 895
555 504 704
38 1 118
904 696 1082
4 33 127
761 965 1376
34 62 252
533 474 676
1579 1331 2168
51 231 247
2224 3689 1280
201 1083 792
613 783 31
1706 78 1461
831 892 1159
857 1264 894
20 6 40
67 92 390
25 8 85
192 159 164
1076 1528 1012
159 265 284
154 345 514
640 759 929
199 182 66
335 292 41
427 530 112
78 38 149
327 243 51
9 24 13
132 209 11
985 1253 1647
778 768 1406
728 1049 1476
558 702 948
1168 1393 2096
146 72 120
865 870 1578
53 136 240
246 118 10
117 1113 978
4274 5874 3870
827 2305 380
6338 4997 5609
219 698 52
204 139 1013
73 268 447
311 693 569
241 212 93
251 209 279
935 1003 829
585 608 105
22 33 253
3192 1042 749
1151 201 591
187 84 404
279 458 144
414 436 90
351 117 447
839 526 124
734 938 83
495 110 587
111 70 7
51 223 384
144 290 524
138 222 363
227 148 242
439 751 978
830 863 1329
31 153 237
385 252 526
315 288 358
1374 1099 708
89 937 407
1745 955 2857
2327 1209 1810
580 13 698
362 30 365
13 37 56
143 245 63
59 137 119
909 2549 2007
293 203 148
1079 521 102
140 236 125
4087 2287 3793
556 403 755
32 165 267
98 244 61
322 174 85
1299 1223 336
71 175 10
126 71 7
250 70 296
47 216 2
996 982 1681
844 1113 1578
751 598 986
357 219 397
390 214 362
790 536 1469
458 272 592
139 297 447
496 741 656
958 1048 486
1884 464 2395
9 106 3
360 444 36
1658 3493 1985
541 872 200
130 280 40
850 468 277
1079 502 149
689 654 148
230 50 19
1239 1272 265
1040 1569 1767
143 125 20
854 145 207
180 126 527
1182 978 304
777 1264 180
148 75 143
466 426 15
15 150 140
517 207 697
802 806 1485
76 345 371
1147 1250 2058
128 314 371
554 521 859
696 430 1198
77 118 204
1221 745 192
514 703 317
1400 203 527
559 948 68
242 302 608
29 37 0
166 144 144
1219 1525 892
256 288 22
240 190 109
425 667 45
276 561 343
440 790 350
186 360 59
136 114 115
519 990 123
851 858 382
262 298 572
418 296 568
830 789 84
732 951 1432
359 131 411
786 886 1458
239 643 935
69 7 9
423 478 849
511 334 797
449 339 508
577 372 537
383 138 39
146 17 135
56 252 16
438 578 419
74 109 177
22 10 91
222 531 36
320 256 77
12 46 34
1089 1187 730
152 349 329
2285 1898 1378
352 424 655
278 135 41
368 119 95
457 233 88
22 74 142
114 73 142
493 771 1277
49 76 141
406 517 643
597 719 1182
560 498 52
365 184 341
492 462 824
342 305 450
21 180 289
76 300 62
232 10 244
584 973 934
108 33 15
32 276 241
80 31 118
2280 2621 2562
399 302 18
137 176 240
468 665 225
462 468 734
637 565 46
869 804 26
122 33 131
530 389 26
263 234 0
305 209 366
5 7 9
447 336 575
14 74 117
112 103 252
570 1289 1312
172 240 9
99 21 0
136 3 130
213 411 29
129 3 10
138 436 285
106 29 118
9 131 130
546 253 95
43 144 145
7 110 1
27 109 1
352 253 675
178 30 30
79 234 0
21 73 140
188 390 6
295 386 488
140 26 130
780 748 1004
1868 1447 1046
138 252 15
102 42 5
150 43 134
472 122 149
565 732 1190
203 356 89
239 238 48
1076 1003 228
231 64 8
606 378 92
77 153 282
550 454 38
395 208 544
742 621 29
470 413 641
294 214 317
26 162 241
1110 1247 1635
474 367 492
22 103 3
251 143 238
72 148 146
528 615 861
367 287 498
634 712 218
211 314 35
219 264 441
393 619 72
590 319 14
131 75 141
481 557 786
41 7 9
59 220 229
347 383 535
128 33 122
381 713 859
5 23 129
175 132 112
192 793 224
19 148 146
92 284 267
557 270 167
140 154 6
34 286 290
264 116 296
15 119 1
180 354 0
217 428 619
762 634 1271
478 496 726
440 579 835
360 400 662
497 398 600
10 123 142
46 134 130
548 310 146
86 182 37
182 267 50
146 168 40
29 122 1
451 311 32
76 116 296
20 76 141
590 395 876
742 656 1164
23 129 143
22 136 112
372 397 415
371 625 713
187 367 483
582 747 453
772 798 383
93 74 26
272 42 232
386 681 190
54 264 36
22 80 142
597 513 78
125 78 141
281 264 402
28 131 144
66 80 7
17 67 13
147 233 18
801 801 1016
269 160 250
403 392 625
528 349 557
729 421 781
719 721 244
73 131 130
472 583 612
172 72 44
668 566 110
137 414 48
254 301 685
428 534 1134
125 81 7
147 134 136
308 430 547
324 90 438
677 761 975
317 419 520
367 272 466
135 201 86
314 248 210
73 119 5
803 731 863
59 293 252
609 663 184
200 536 718
87 122 1
199 102 18
32 266 288
609 630 128
327 516 674
5 133 136
678 625 1103
590 502 1106
519 717 1091
695 628 1030
45 438 323
169 108 108
552 714 794
258 557 111
92 273 24
303 396 54
191 158 284
211 291 55
195 549 548
42 162 14
33 268 272
349 358 36
133 127 10
168 243 375
12 79 125
405 443 916
117 256 55
46 129 2
26 99 112
57 88 9
22 133 36
11 132 18
23 122 1
64 134 144
4 82 7
73 131 11
143 130 11
76 79 0
1 78 0
13 123 128
109 123 128
43 45 108
132 62 142
12 87 116
56 122 25
45 134 18
111 39 148
74 121 1
3 88 134
89 33 140
108 131 11
24 130 11
20 79 0
82 27 139
145 105 120
23 123 128
26 102 119
9 115 2
144 38 6
71 149 114
102 139 12
92 136 12
129 136 145
118 37 148
33 83 1
19 130 11
7 80 0
10 128 10
91 120 3
29 105 120
65 122 128
24 38 6
106 9 56
14 139 12
4 136 12
1 90 134
32 84 8
8 82 1
14 79 0
138 68 143
5 120 3
11 68 117
41 135 60
139 136 19
127 37 22
8 136 12
37 135 144
120 36 147
11 131 11
83 122 4
39 122 4
56 67 142
27 103 120
2 141 63
19 136 19
110 133 36
147 86 1
122 86 1
148 138 137
55 126 4
29 122 4
17 121 3
112 105 120
10 45 108
78 134 146
9 167 429
461 101 266
553 277 89
595 458 436
1174 1460 2294
360 190 180
231 31 18
447 156 106
436 292 178
512 144 106
608 380 193
118 9 7
385 404 584
135 42 135
89 41 134
716 526 866
137 2 6
2332 1788 1865
218 277 254
5349 4833 5593
3380 2795 2616
4939 6626 4757
2730 3269 1972
721 1011 356
4 122 23
97 239 46
417 33 204
832 534 634
628 74 257
388 1284 1111
64 19 90
18 135 19
91 129 5
112 35 141
29 138 137
1 125 4
27 121 3
134 8 1
769 215 800
127 135 58
591 449 950
1203 1008 1253
34 105 90
865 748 342
401 75 45
782 638 395
329 335 95
716 500 248
379 100 49
332 41 35
414 215 675
277 168 539
299 137 375
311 213 547
455 449 381
705 53 380
387 71 392
1314 2435 2440
5327 5641 5420
1562 4727 2902
3464 6542 3767
19 56 10
136 140 43
320 102 258
276 279 70
119 132 146
801 1101 308
1160 1149 577
38 136 129
53 85 95
5 128 5
34 86 1
82 134 11
11 125 4
492 52 7
923 720 1199
627 560 821
77 121 88
106 390 732
117 375 90
140 227 68
311 59 36
638 546 270
136 198 57
778 460 277
199 137 43
274 87 39
31 200 261
360 264 682
342 472 579
236 384 580
371 221 335
650 1481 1861
385 787 996
1034 360 660
54 573 360
66 2 111
227 1081 471
93 136 147
0 87 133
182 700 151
76 143 86
229 46 205
2026 502 1231
104 144 70
30 69 60
9 85 1
25 133 11
367 351 428
256 208 225
413 834 532
571 240 394
784 737 528
226 97 140
422 500 200
10 14 8
491 508 339
137 8 34
41 118 29
648 499 232
130 101 146
169 84 270
77 82 268
288 278 442
386 267 525
384 261 383
404 555 714
3336 799 2256
142 57 12
666 588 73
1398 1659 166
318 6 333
125 360 431
2246 859 1674
235 103 241
98 351 66
188 307 1101
59 107 32
71 139 12
15 85 1
27 83 1
145 8 132
37 128 5
13 126 5
3989 4333 3352
5785 5648 5153
142 150 32
752 842 623
224 23 406
148 121 55
1031 720 847
365 234 65
281 389 171
514 517 234
307 213 137
300 162 48
13 101 146
148 69 138
113 67 138
8 7 98
326 436 584
216 210 252
728 607 1105
1279 486 261
622 612 120
766 985 145
364 1019 110
541 9 777
109 41 7
552 244 468
52 40 66
64 1 1
4 120 124
15 128 5
23 126 4
4424 5916 3577
286 158 25
283 51 268
370 333 52
569 331 66
1381 1424 1733
841 1073 1665
476 245 41
143 41 39
333 404 92
273 192 70
52 80 22
331 120 33
323 210 540
719 885 60
435 207 514
16 124 149
406 93 411
1266 609 650
1837 3874 3188
121 237 45
930 1144 128
61 137 43
553 544 110
70 149 100
25 127 5
98 997 779
12 106 102
176 44 524
544 929 324
98 18 429
598 1103 971
67 338 73
322 419 69
651 467 472
16 100 23
352 185 190
149 94 49
313 157 44
292 272 552
195 310 45
319 238 559
240 99 30
21 99 143
863 850 623
1829 1293 1110
570 1430 160
268 375 188
5 149 100
340 396 9
772 1304 382
558 656 1114
127 11 120
654 270 458
1144 1795 1436
829 1159 1151
125 46 13
132 326 212
199 136 88
307 257 200
358 497 194
12 39 11
190 318 15
291 381 447
392 236 559
166 214 395
557 319 681
23 226 283
50 647 452
48 146 50
83 395 9
311 1382 1895
3 127 98
73 94 9
1270 1105 713
748 1215 981
193 503 354
127 138 39
440 194 230
820 582 311
383 393 179
467 508 113
90 260 0
226 41 260
53 132 276
7 21 101
816 893 276
147 33 10
813 602 417
39 139 3
277 393 9
4993 2893 2187
629 781 1487
1379 1386 1534
607 1096 548
663 383 526
428 230 90
453 533 351
236 388 115
295 250 172
430 358 248
192 138 276
319 212 544
261 124 30
523 393 883
236 116 28
578 571 486
459 1340 484
427 197 48
321 915 1541
773 1271 1457
800 928 1517
700 345 415
802 293 289
33 132 28
136 181 213
606 742 473
368 492 216
614 707 314
317 197 52
89 172 284
586 558 173
388 365 750
279 354 80
1156 290 431
504 727 153
1232 954 268
194 36 290
63 18 137
258 374 525
451 214 148
291 483 385
138 60 71
60 180 124
413 628 239
252 132 40
378 314 16
27 161 11
13 121 250
115 11 7
315 1049 1020
518 135 107
224 1398 937
474 137 169
79 194 227
1277 982 423
273 186 62
82 25 43
297 535 416
147 15 37
219 288 118
121 87 142
141 310 44
31 84 142
268 212 425
630 845 308
406 548 373
42 14 252
1832 1519 400
884 272 191
419 458 160
310 155 80
259 155 271
392 554 305
216 307 158
346 131 139
89 129 402
227 54 268
480 178 112
197 106 36
1459 894 1013
129 127 5
689 466 102
55 148 30
9 89 21
479 515 435
149 156 154
266 578 240
132 40 84
250 95 57
314 178 548
639 482 246
394 217 240
384 609 370
532 1252 1104
65 324 109
125 9 10
333 352 197
21 78 77
233 279 165
219 114 97
378 149 53
102 193 292
336 139 151
363 328 208
425 316 366
12 245 71
91 137 11
326 404 105
93 110 156
112 277 162
428 248 237
341 280 694
419 149 93
369 155 159
124 40 19
244 382 873
166 298 290
83 200 52
100 197 238
122 89 83
241 133 140
21 28 134
29 91 25
11 19 12
144 29 19
231 119 128
209 285 321
89 182 108
125 94 25
279 61 166
76 276 268
218 234 76
39 121 140
6 142 131
63 149 5
6 139 3
128 136 25
150 26 31
